[gd_scene load_steps=37 format=3 uid="uid://c1gv8twl1ft85"]

[ext_resource type="PackedScene" uid="uid://crq2xjn1pfqua" path="res://Scenes/Player/Player.tscn" id="1_jnyte"]
[ext_resource type="PackedScene" uid="uid://est2r0xb5v75" path="res://Assets/3D/Meshes/Environement/Foliage/Trees/Tree_001.fbx" id="2_nb3br"]
[ext_resource type="PackedScene" uid="uid://dnukn3mfoapqs" path="res://Assets/3D/Meshes/Environement/Foliage/Trees/Tree_003.fbx" id="3_ejgva"]
[ext_resource type="PackedScene" uid="uid://bi7kpgdtj8l7l" path="res://Assets/3D/Meshes/Environement/Foliage/Trees/Tree_004.fbx" id="4_pai21"]
[ext_resource type="PackedScene" uid="uid://iloho5l732t6" path="res://Assets/3D/Meshes/Environement/Foliage/Trees/Tree_002.fbx" id="5_gblro"]
[ext_resource type="PackedScene" uid="uid://dkcl1oxbyhc3c" path="res://Assets/Asset_Scenes/Props/box_001.tscn" id="6_1sk2u"]
[ext_resource type="PackedScene" uid="uid://gif5k0ycyjty" path="res://Assets/Asset_Scenes/Interactables/Door_basic.tscn" id="7_olr8l"]
[ext_resource type="PackedScene" uid="uid://jbjcevw7m6oc" path="res://Assets/Asset_Scenes/Interactables/cigars.tscn" id="8_bvorn"]
[ext_resource type="PackedScene" uid="uid://b0p66n3rftl37" path="res://Assets/3D/Meshes/Environement/Foliage/Grass/Bush.fbx" id="9_hgrvp"]
[ext_resource type="PackedScene" uid="uid://d2h4ll8ajgjul" path="res://Assets/3D/Meshes/Environement/Foliage/Grass/Fougerre.fbx" id="10_4j0in"]
[ext_resource type="PackedScene" uid="uid://bp5x7p37ibcwv" path="res://Assets/3D/Meshes/Environement/Foliage/Grass/Grass2.fbx" id="11_624qu"]
[ext_resource type="PackedScene" uid="uid://bljdlpn8t70ek" path="res://Assets/3D/Meshes/Environement/Foliage/Grass/Grass.fbx" id="12_g7230"]
[ext_resource type="PackedScene" uid="uid://ccjicd7ibqa5d" path="res://Assets/Asset_Scenes/Props/box_002.tscn" id="15_bgdng"]
[ext_resource type="PackedScene" uid="uid://dmcvphic6b33w" path="res://Assets/Asset_Scenes/Levels/dialogue_trigger_area.tscn" id="15_jgyjt"]
[ext_resource type="PackedScene" uid="uid://db55puhnei8us" path="res://Assets/3D/Meshes/Environement/Modules/Walls.fbx" id="16_jkapy"]
[ext_resource type="PackedScene" uid="uid://cixpjlysnw25h" path="res://Assets/3D/Meshes/Environement/Modules/Walls_Beam.fbx" id="17_5weg1"]
[ext_resource type="PackedScene" uid="uid://drls73edqqhkg" path="res://Assets/3D/Meshes/Environement/Modules/Walls_Pillar.fbx" id="18_kfcvf"]
[ext_resource type="PackedScene" uid="uid://onxh3xag1m6x" path="res://Assets/3D/Meshes/Environement/Modules/Fence.fbx" id="19_2qfjb"]
[ext_resource type="PackedScene" path="res://Assets/Asset_Scenes/Levels/CheckpointArea.tscn" id="19_e46ah"]
[ext_resource type="PackedScene" uid="uid://cr8kl3ir8kbtt" path="res://Assets/3D/Meshes/Environement/Modules/Fence_Pillard.fbx" id="20_pv4w7"]
[ext_resource type="PackedScene" uid="uid://bi7dee4l6ndev" path="res://Assets/3D/Meshes/Environement/Landscapes/Land_1.fbx" id="22_ic1dm"]
[ext_resource type="PackedScene" path="res://Scenes/Characters/Enemy_knife.tscn" id="22_jis6x"]
[ext_resource type="PackedScene" uid="uid://cwnf10rwbeapf" path="res://Assets/Asset_Scenes/Interactables/Lock.tscn" id="22_plnbn"]
[ext_resource type="Script" path="res://Scripts/Game/Win.gd" id="24_ljgl6"]
[ext_resource type="PackedScene" uid="uid://8tvbxj2vsypm" path="res://Assets/3D/Meshes/Environement/Modules/Stair.fbx" id="25_wu8vb"]

[sub_resource type="NavigationMesh" id="NavigationMesh_cjy6k"]

[sub_resource type="ProceduralSkyMaterial" id="ProceduralSkyMaterial_gvu4f"]
sky_top_color = Color(0.270588, 0.427451, 0.788235, 1)
sky_horizon_color = Color(0.796078, 0.337255, 0.254902, 1)
sky_curve = 0.191184
sky_energy_multiplier = 1.5

[sub_resource type="Sky" id="Sky_4yugr"]
sky_material = SubResource("ProceduralSkyMaterial_gvu4f")
process_mode = 1
radiance_size = 5

[sub_resource type="Environment" id="Environment_67i3u"]
background_mode = 2
sky = SubResource("Sky_4yugr")
ambient_light_sky_contribution = 0.5
glow_enabled = true
volumetric_fog_enabled = true
volumetric_fog_density = 0.012
adjustment_enabled = true
adjustment_contrast = 1.1
adjustment_saturation = 1.1

[sub_resource type="StandardMaterial3D" id="StandardMaterial3D_64b1r"]
albedo_color = Color(0.445733, 0.24814, 9.62615e-08, 1)

[sub_resource type="CylinderShape3D" id="CylinderShape3D_4e03p"]
radius = 3.44859

[sub_resource type="BoxShape3D" id="BoxShape3D_yokp4"]
size = Vector3(26.5409, 3.06189, 3.03401)

[sub_resource type="CylinderShape3D" id="CylinderShape3D_fndcb"]
radius = 1.71644

[sub_resource type="CylinderShape3D" id="CylinderShape3D_w7gy5"]
height = 1.80299
radius = 2.2267

[sub_resource type="CylinderShape3D" id="CylinderShape3D_jehml"]
height = 2.14608
radius = 2.5038

[sub_resource type="BoxShape3D" id="BoxShape3D_xe3q0"]
size = Vector3(5.47761, 3.39922, 2.31178)

[node name="Blocking level" type="Node3D"]

[node name="NavigationRegion3D" type="NavigationRegion3D" parent="."]
transform = Transform3D(-4.37114e-08, 0, -1, 0, 1, 0, 1, 0, -4.37114e-08, -59.1794, 0.156902, 30.9888)
navigation_mesh = SubResource("NavigationMesh_cjy6k")

[node name="WorldEnvironment" type="WorldEnvironment" parent="NavigationRegion3D"]
environment = SubResource("Environment_67i3u")

[node name="Caisse divers" type="Node" parent="NavigationRegion3D"]

[node name="Box_001" parent="NavigationRegion3D/Caisse divers" instance=ExtResource("6_1sk2u")]
transform = Transform3D(0.520598, 0, -0.0436792, 0, 0.522427, 0, 0.0436792, 0, 0.520598, 3.27247, 1.10293, -0.196552)

[node name="Box_002" parent="NavigationRegion3D/Caisse divers" instance=ExtResource("6_1sk2u")]
transform = Transform3D(0.521405, 0, 0.0326579, 0, 0.522427, 0, -0.0326579, 0, 0.521405, 3.08968, 1.04832, -1.40753)

[node name="Box_003" parent="NavigationRegion3D/Caisse divers" instance=ExtResource("6_1sk2u")]
transform = Transform3D(0.514709, 0, -0.0894701, 0, 0.522427, 0, 0.0894701, 0, 0.514709, 3.43047, 0.773602, -2.62823)

[node name="Box_004" parent="NavigationRegion3D/Caisse divers" instance=ExtResource("6_1sk2u")]
transform = Transform3D(0.511171, 0, -0.10786, 0, 0.522427, 0, 0.10786, 0, 0.511171, 3.03539, 0.773602, -3.78662)

[node name="Box_005" parent="NavigationRegion3D/Caisse divers" instance=ExtResource("6_1sk2u")]
transform = Transform3D(0.520596, 0, 0.0437065, 0, 0.522427, 0, -0.0437065, 0, 0.520596, 3.01996, 0.75304, -5.02521)

[node name="Box_006" parent="NavigationRegion3D/Caisse divers" instance=ExtResource("6_1sk2u")]
transform = Transform3D(0.520596, 0, 0.0437065, 0, 0.522427, 0, -0.0437065, 0, 0.520596, 1.36956, 0.75304, -4.49309)

[node name="Box_007" parent="NavigationRegion3D/Caisse divers" instance=ExtResource("6_1sk2u")]
transform = Transform3D(0.520596, 0, 0.0437065, 0, 0.522427, 0, -0.0437065, 0, 0.520596, 1.97757, 0.75304, -3.4956)

[node name="Box_008" parent="NavigationRegion3D/Caisse divers" instance=ExtResource("6_1sk2u")]
transform = Transform3D(0.520596, 0, 0.0437065, 0, 0.522427, 0, -0.0437065, 0, 0.520596, 0.117036, 0.548407, -4.93725)

[node name="Rampe" type="Node" parent="NavigationRegion3D"]

[node name="Tree" type="Node" parent="NavigationRegion3D"]

[node name="Tree_017" parent="NavigationRegion3D/Tree" instance=ExtResource("5_gblro")]
transform = Transform3D(1, 0, 0, 0, 1, 0, 0, 0, 1, -7.96729, 0.171389, -0.501736)

[node name="Tree_018" parent="NavigationRegion3D/Tree" instance=ExtResource("4_pai21")]
transform = Transform3D(0.749776, 0, -0.661691, 0, 1, 0, 0.661691, 0, 0.749776, -8.26538, 0.171389, -1.4987)

[node name="Tree_019" parent="NavigationRegion3D/Tree" instance=ExtResource("2_nb3br")]
transform = Transform3D(-0.948771, 0, 0.315964, 0, 1, 0, -0.315964, 0, -0.948771, -9.51426, 0.0759012, -1.9836)

[node name="Tree_020" parent="NavigationRegion3D/Tree" instance=ExtResource("5_gblro")]
transform = Transform3D(1, 0, 0, 0, 1, 0, 0, 0, 1, -5.41443, 0.171388, -3.55014)

[node name="Tree_021" parent="NavigationRegion3D/Tree" instance=ExtResource("3_ejgva")]
transform = Transform3D(1, 0, 0, 0, 1, 0, 0, 0, 1, -9.47902, 0.17139, -2.54638)

[node name="Tree_022" parent="NavigationRegion3D/Tree" instance=ExtResource("4_pai21")]
transform = Transform3D(1, 0, 0, 0, 1, 0, 0, 0, 1, -8.80972, 0.171389, -4.64486)

[node name="Tree_224" parent="NavigationRegion3D/Tree" instance=ExtResource("4_pai21")]
transform = Transform3D(1, 0, 0, 0, 1, 0, 0, 0, 1, -13.8097, 1.10691, -7.64486)

[node name="Tree_225" parent="NavigationRegion3D/Tree" instance=ExtResource("4_pai21")]
transform = Transform3D(0.258819, 0, -0.965926, 0, 1, 0, 0.965926, 0, 0.258819, -12.8097, 0.171389, -6.64486)

[node name="Tree_226" parent="NavigationRegion3D/Tree" instance=ExtResource("4_pai21")]
transform = Transform3D(-4.37114e-08, 0, -1, 0, 1, 0, 1, 0, -4.37114e-08, -13.8097, 1.10691, -5.64486)

[node name="Tree_123" parent="NavigationRegion3D/Tree" instance=ExtResource("4_pai21")]
transform = Transform3D(1, 0, 0, 0, 1, 0, 0, 0, 1, -14.5271, 1.17139, -11.3664)

[node name="Tree_125" parent="NavigationRegion3D/Tree" instance=ExtResource("4_pai21")]
transform = Transform3D(1, 0, 0, 0, 1, 0, 0, 0, 1, -24.489, 1.17139, -19.0579)

[node name="Tree_124" parent="NavigationRegion3D/Tree" instance=ExtResource("4_pai21")]
transform = Transform3D(1, 0, 0, 0, 1, 0, 0, 0, 1, -20.9466, 1.17139, -16.5629)

[node name="Tree_023" parent="NavigationRegion3D/Tree" instance=ExtResource("3_ejgva")]
transform = Transform3D(1, 0, 0, 0, 1, 0, 0, 0, 1, -6.40944, 0.171389, -5.54976)

[node name="Tree_007" parent="NavigationRegion3D/Tree" instance=ExtResource("4_pai21")]
transform = Transform3D(-0.96664, 0, -0.256138, 0, 1, 0, 0.256138, 0, -0.96664, -1.87986, 0.171388, -6.49733)

[node name="Tree_008" parent="NavigationRegion3D/Tree" instance=ExtResource("3_ejgva")]
transform = Transform3D(1, 0, 0, 0, 1, 0, 0, 0, 1, 1.06669, -1.05002, -7.09943)

[node name="Tree_009" parent="NavigationRegion3D/Tree" instance=ExtResource("5_gblro")]
transform = Transform3D(1, 0, 0, 0, 1, 0, 0, 0, 1, 0.29274, 0.171389, -6.35144)

[node name="Tree_010" parent="NavigationRegion3D/Tree" instance=ExtResource("4_pai21")]
transform = Transform3D(1, 0, 0, 0, 1, 0, 0, 0, 1, 4.60057, -1.11806, -6.7126)

[node name="Tree_011" parent="NavigationRegion3D/Tree" instance=ExtResource("3_ejgva")]
transform = Transform3D(1, 0, 0, 0, 1, 0, 0, 0, 1, 3.5665, -1.52229, -7.134)

[node name="Tree_012" parent="NavigationRegion3D/Tree" instance=ExtResource("2_nb3br")]
transform = Transform3D(1, 0, 0, 0, 1, 0, 0, 0, 1, -1.11518, 0.171389, -7.13429)

[node name="Tree_013" parent="NavigationRegion3D/Tree" instance=ExtResource("5_gblro")]
transform = Transform3D(1, 0, 0, 0, 1, 0, 0, 0, 1, -3.39303, 0.171389, -5.77684)

[node name="Tree_014" parent="NavigationRegion3D/Tree" instance=ExtResource("3_ejgva")]
transform = Transform3D(1, 0, 0, 0, 1, 0, 0, 0, 1, -4.39576, 0.171388, -4.72419)

[node name="Tree_015" parent="NavigationRegion3D/Tree" instance=ExtResource("4_pai21")]
transform = Transform3D(1, 0, 0, 0, 1, 0, 0, 0, 1, -5.80554, 0.171388, -1.89668)

[node name="Tree_016" parent="NavigationRegion3D/Tree" instance=ExtResource("2_nb3br")]
transform = Transform3D(1, 0.000176255, 0.000199863, -0.00017623, 1, -8.35201e-05, -0.000199885, 8.34663e-05, 1, -6.24502, 0.171388, 0.141633)

[node name="Tree_006" parent="NavigationRegion3D/Tree" instance=ExtResource("4_pai21")]
transform = Transform3D(-0.432778, 0, -0.9015, 0, 1, 0, 0.9015, 0, -0.432778, 2.44514, 0.171389, 5.11185)

[node name="Tree_002" parent="NavigationRegion3D/Tree" instance=ExtResource("5_gblro")]
transform = Transform3D(1, 0, 0, 0, 1, 0, 0, 0, 1, 3.0517, 0.171389, 2.46747)

[node name="Tree_241" parent="NavigationRegion3D/Tree" instance=ExtResource("5_gblro")]
transform = Transform3D(-0.156538, 0, -0.987672, 0, 1, 0, 0.987672, 0, -0.156538, -31.4642, 1.18599, -8.60879)

[node name="Tree_005" parent="NavigationRegion3D/Tree" instance=ExtResource("5_gblro")]
transform = Transform3D(-0.754836, 0, -0.655914, 0, 1, 0, 0.655914, 0, -0.754836, 2.6757, 0.171389, 0.838279)

[node name="Tree_001" parent="NavigationRegion3D/Tree" instance=ExtResource("2_nb3br")]
transform = Transform3D(0.579608, 0, 0.814895, 0, 1, 0, -0.814895, 0, 0.579608, 5.72799, 0.266876, 7.09331)

[node name="Tree_003" parent="NavigationRegion3D/Tree" instance=ExtResource("3_ejgva")]
transform = Transform3D(1, 0, 0, 0, 1, 0, 0, 0, 1, 4.09919, 0.17139, 4.08134)

[node name="Tree_004" parent="NavigationRegion3D/Tree" instance=ExtResource("4_pai21")]
transform = Transform3D(-0.137272, 0, -0.990533, 0, 1, 0, 0.990533, 0, -0.137272, 4.70362, 0.17139, 5.78092)

[node name="Tree_024" parent="NavigationRegion3D/Tree" instance=ExtResource("4_pai21")]
transform = Transform3D(1, 0, 0, 0, 1, 0, 0, 0, 1, 6.62573, -0.695122, -5.90878)

[node name="Tree_025" parent="NavigationRegion3D/Tree" instance=ExtResource("3_ejgva")]
transform = Transform3D(1, 0, 0, 0, 1, 0, 0, 0, 1, 7.97732, -0.533018, -4.06152)

[node name="Tree_026" parent="NavigationRegion3D/Tree" instance=ExtResource("5_gblro")]
transform = Transform3D(1, 0, 0, 0, 1, 0, 0, 0, 1, 8.5418, -0.919418, -2.666)

[node name="Tree_027" parent="NavigationRegion3D/Tree" instance=ExtResource("2_nb3br")]
transform = Transform3D(1, 0, 0, 0, 1, 0, 0, 0, 1, 9.22455, -0.608722, -0.764197)

[node name="Tree_028" parent="NavigationRegion3D/Tree" instance=ExtResource("5_gblro")]
transform = Transform3D(1, 0, 0, 0, 1, 0, 0, 0, 1, 10.4383, 0.171389, 0.551777)

[node name="Tree_029" parent="NavigationRegion3D/Tree" instance=ExtResource("3_ejgva")]
transform = Transform3D(1, 0, 0, 0, 1, 0, 0, 0, 1, 1.44962, 0.171389, 6.67634)

[node name="Tree_030" parent="NavigationRegion3D/Tree" instance=ExtResource("4_pai21")]
transform = Transform3D(1, 0, 0, 0, 1, 0, 0, 0, 1, 11.5613, 0.171389, 1.61787)

[node name="Tree_031" parent="NavigationRegion3D/Tree" instance=ExtResource("5_gblro")]
transform = Transform3D(1, 0, 0, 0, 1, 0, 0, 0, 1, 12.0034, 0.171388, 0.641829)

[node name="Tree_032" parent="NavigationRegion3D/Tree" instance=ExtResource("2_nb3br")]
transform = Transform3D(1, 0, 0, 0, 1, 0, 0, 0, 1, 13.111, 0.171388, 1.43267)

[node name="Tree_033" parent="NavigationRegion3D/Tree" instance=ExtResource("3_ejgva")]
transform = Transform3D(1, 0, 0, 0, 1, 0, 0, 0, 1, 15.8009, 0.171389, 1.89777)

[node name="Tree_034" parent="NavigationRegion3D/Tree" instance=ExtResource("4_pai21")]
transform = Transform3D(1, 0, 0, 0, 1, 0, 0, 0, 1, 14.6327, -0.214325, 0.735846)

[node name="Tree_035" parent="NavigationRegion3D/Tree" instance=ExtResource("3_ejgva")]
transform = Transform3D(1, 0, 0, 0, 1, 0, 0, 0, 1, 18.3372, 0.171389, 2.06827)

[node name="Tree_036" parent="NavigationRegion3D/Tree" instance=ExtResource("5_gblro")]
transform = Transform3D(1, 0, 0, 0, 1, 0, 0, 0, 1, 3.35855, 0.171388, 5.423)

[node name="Tree_037" parent="NavigationRegion3D/Tree" instance=ExtResource("2_nb3br")]
transform = Transform3D(1, 0, 0, 0, 1, 0, 0, 0, 1, 4.03508, 0.171389, 2.89936)

[node name="Tree_038" parent="NavigationRegion3D/Tree" instance=ExtResource("5_gblro")]
transform = Transform3D(1, 0, 0, 0, 1, 0, 0, 0, 1, -8.02153, 0.171388, 0.842071)

[node name="Tree_039" parent="NavigationRegion3D/Tree" instance=ExtResource("2_nb3br")]
transform = Transform3D(1, 0, 0, 0, 1, 0, 0, 0, 1, 17.1034, 0.171388, 1.35066)

[node name="Tree_040" parent="NavigationRegion3D/Tree" instance=ExtResource("5_gblro")]
transform = Transform3D(1, 0, 0, 0, 1, 0, 0, 0, 1, -11.6558, 0.171388, -0.102524)

[node name="Tree_227" parent="NavigationRegion3D/Tree" instance=ExtResource("5_gblro")]
transform = Transform3D(1, 0, 0, 0, 1, 0, 0, 0, 1, -13.6558, 1.10691, -7.10252)

[node name="Tree_237" parent="NavigationRegion3D/Tree" instance=ExtResource("5_gblro")]
transform = Transform3D(1, 0, 0, 0, 1, 0, 0, 0, 1, -31.0113, 0.662857, -0.166377)

[node name="Tree_238" parent="NavigationRegion3D/Tree" instance=ExtResource("5_gblro")]
transform = Transform3D(-0.0124089, 0, 0.999923, 0, 1, 0, -0.999923, 0, -0.0124089, -35.8316, 1.10691, -5.18102)

[node name="Tree_239" parent="NavigationRegion3D/Tree" instance=ExtResource("5_gblro")]
transform = Transform3D(-0.91324, 0, 0.407422, 0, 1, 0, -0.407422, 0, -0.91324, -36.5493, 1.10691, -8.79634)

[node name="Tree_240" parent="NavigationRegion3D/Tree" instance=ExtResource("5_gblro")]
transform = Transform3D(0.00472996, 0, 0.999989, 0, 1, 0, -0.999989, 0, 0.00472996, -40.3974, 3.48292, -30.9404)

[node name="Tree_228" parent="NavigationRegion3D/Tree" instance=ExtResource("5_gblro")]
transform = Transform3D(-0.5, 0, 0.866025, 0, 1, 0, -0.866025, 0, -0.5, -12.1343, 0.502148, -4.87332)

[node name="Tree_041" parent="NavigationRegion3D/Tree" instance=ExtResource("5_gblro")]
transform = Transform3D(1, 0, 0, 0, 1, 0, 0, 0, 1, -10.2287, 0.171388, -0.0618844)

[node name="Tree_042" parent="NavigationRegion3D/Tree" instance=ExtResource("5_gblro")]
transform = Transform3D(1, 0, 0, 0, 1, 0, 0, 0, 1, 1.88419, -1.11892, -6.25605)

[node name="Tree_043" parent="NavigationRegion3D/Tree" instance=ExtResource("5_gblro")]
transform = Transform3D(1, 0, 0, 0, 1, 0, 0, 0, 1, 20.8393, 0.171389, 0.52482)

[node name="Tree_044" parent="NavigationRegion3D/Tree" instance=ExtResource("3_ejgva")]
transform = Transform3D(1, 0, 0, 0, 1, 0, 0, 0, 1, 22.4201, 0.171388, -0.740593)

[node name="Tree_045" parent="NavigationRegion3D/Tree" instance=ExtResource("2_nb3br")]
transform = Transform3D(1, 0, 0, 0, 1, 0, 0, 0, 1, 23.0746, 0.171388, -2.20412)

[node name="Tree_046" parent="NavigationRegion3D/Tree" instance=ExtResource("4_pai21")]
transform = Transform3D(1, 0, 0, 0, 1, 0, 0, 0, 1, 25.432, 0.171389, -1.86196)

[node name="Tree_047" parent="NavigationRegion3D/Tree" instance=ExtResource("2_nb3br")]
transform = Transform3D(0.2482, 0, -0.968709, 0, 1, 0, 0.968709, 0, 0.2482, 27.0961, 0.17139, -1.43748)

[node name="Tree_048" parent="NavigationRegion3D/Tree" instance=ExtResource("5_gblro")]
transform = Transform3D(0.761742, 0, -0.647881, 0, 1, 0, 0.647881, 0, 0.761742, 30.6537, 0.17139, -2.50592)

[node name="Tree_049" parent="NavigationRegion3D/Tree" instance=ExtResource("3_ejgva")]
transform = Transform3D(0.586655, 0, 0.809837, 0, 1, 0, -0.809837, 0, 0.586655, 32.7907, 0.171389, -1.96649)

[node name="Tree_050" parent="NavigationRegion3D/Tree" instance=ExtResource("3_ejgva")]
transform = Transform3D(0.258414, 0, -0.966034, 0, 1, 0, 0.966034, 0, 0.258414, 41.3949, 0.17139, -4.50317)

[node name="Tree_051" parent="NavigationRegion3D/Tree" instance=ExtResource("4_pai21")]
transform = Transform3D(0.731639, 0, -0.681692, 0, 1, 0, 0.681692, 0, 0.731639, 36.0166, 0.171389, -5.477)

[node name="Tree_052" parent="NavigationRegion3D/Tree" instance=ExtResource("2_nb3br")]
transform = Transform3D(-0.115423, 0, -0.993316, 0, 1, 0, 0.993316, 0, -0.115423, 39.4658, 0.17139, -5.52258)

[node name="Tree_053" parent="NavigationRegion3D/Tree" instance=ExtResource("5_gblro")]
transform = Transform3D(1, 0, 0, 0, 1, 0, 0, 0, 1, 37.8239, 0.17139, -4.17633)

[node name="Tree_054" parent="NavigationRegion3D/Tree" instance=ExtResource("2_nb3br")]
transform = Transform3D(0.68386, 0, -0.729613, 0, 1, 0, 0.729613, 0, 0.68386, 33.9902, -0.129198, -3.90843)

[node name="Tree_055" parent="NavigationRegion3D/Tree" instance=ExtResource("3_ejgva")]
transform = Transform3D(0.731354, 0, -0.681998, 0, 1, 0, 0.681998, 0, 0.731354, 29.4534, 0.171389, -1.05948)

[node name="Tree_056" parent="NavigationRegion3D/Tree" instance=ExtResource("2_nb3br")]
transform = Transform3D(-0.924506, 0, 0.381167, 0, 1, 0, -0.381167, 0, -0.924506, 20.5061, -0.379434, -0.819056)

[node name="Tree_057" parent="NavigationRegion3D/Tree" instance=ExtResource("3_ejgva")]
transform = Transform3D(0.389815, 0, -0.920893, 0, 1, 0, 0.920893, 0, 0.389815, 19.4481, 0.171388, 1.10079)

[node name="Tree_058" parent="NavigationRegion3D/Tree" instance=ExtResource("4_pai21")]
transform = Transform3D(0.914635, 0, -0.40428, 0, 1, 0, 0.40428, 0, 0.914635, 37.13, 0.171389, -1.15058)

[node name="Tree_059" parent="NavigationRegion3D/Tree" instance=ExtResource("3_ejgva")]
transform = Transform3D(0.361039, 0, -0.932551, 0, 1, 0, 0.932551, 0, 0.361039, 39.8525, -0.681152, 1.0642)

[node name="Tree_060" parent="NavigationRegion3D/Tree" instance=ExtResource("2_nb3br")]
transform = Transform3D(-0.255142, 0, -0.966904, 0, 1, 0, 0.966904, 0, -0.255142, 31.5791, 0.171389, -0.91671)

[node name="Tree_061" parent="NavigationRegion3D/Tree" instance=ExtResource("4_pai21")]
transform = Transform3D(0.0196861, 0, -0.999806, 0, 1, 0, 0.999806, 0, 0.0196861, 35.012, 0.171389, -0.407498)

[node name="Tree_062" parent="NavigationRegion3D/Tree" instance=ExtResource("2_nb3br")]
transform = Transform3D(0.940922, 0, 0.338623, 0, 1, 0, -0.338623, 0, 0.940922, 41.1854, -0.881893, 1.29595)

[node name="Tree_063" parent="NavigationRegion3D/Tree" instance=ExtResource("4_pai21")]
transform = Transform3D(-0.917199, 0, -0.398429, 0, 1, 0, 0.398429, 0, -0.917199, 37.7297, 0.171389, 1.26439)

[node name="Tree_064" parent="NavigationRegion3D/Tree" instance=ExtResource("3_ejgva")]
transform = Transform3D(1, 0, 0, 0, 1, 0, 0, 0, 1, 39.2098, -0.168386, 2.6048)

[node name="Tree_065" parent="NavigationRegion3D/Tree" instance=ExtResource("2_nb3br")]
transform = Transform3D(1, 0, 0, 0, 1, 0, 0, 0, 1, 38.5652, -0.200646, -1.40147)

[node name="Tree_066" parent="NavigationRegion3D/Tree" instance=ExtResource("5_gblro")]
transform = Transform3D(1, 0, 0, 0, 1, 0, 0, 0, 1, 25.5753, 0.171389, -0.101213)

[node name="Tree_067" parent="NavigationRegion3D/Tree" instance=ExtResource("5_gblro")]
transform = Transform3D(1, 0, 0, 0, 1, 0, 0, 0, 1, 33.8798, 0.171389, 0.345454)

[node name="Tree_068" parent="NavigationRegion3D/Tree" instance=ExtResource("2_nb3br")]
transform = Transform3D(1, 0, 0, 0, 1, 0, 0, 0, 1, 3.643, 0.171388, 0.83899)

[node name="Tree_069" parent="NavigationRegion3D/Tree" instance=ExtResource("2_nb3br")]
transform = Transform3D(1, 0, 0, 0, 1, 0, 0, 0, 1, 40.307, -0.135494, 19.0856)

[node name="Tree_070" parent="NavigationRegion3D/Tree" instance=ExtResource("5_gblro")]
transform = Transform3D(0.639479, 0, 0.768808, 0, 1, 0, -0.768808, 0, 0.639479, 41.8667, -0.135496, 16.1135)

[node name="Tree_071" parent="NavigationRegion3D/Tree" instance=ExtResource("3_ejgva")]
transform = Transform3D(-0.615675, 0, -0.788, 0, 1, 0, 0.788, 0, -0.615675, 40.2686, -0.135494, 14.9915)

[node name="Tree_072" parent="NavigationRegion3D/Tree" instance=ExtResource("4_pai21")]
transform = Transform3D(1, 0, 0, 0, 1, 0, 0, 0, 1, 42.0016, -0.135496, 20.0821)

[node name="Tree_073" parent="NavigationRegion3D/Tree" instance=ExtResource("2_nb3br")]
transform = Transform3D(1, 0, 0, 0, 1, 0, 0, 0, 1, 38.9988, -0.135496, 17.0406)

[node name="Tree_074" parent="NavigationRegion3D/Tree" instance=ExtResource("4_pai21")]
transform = Transform3D(1, 0, 0, 0, 1, 0, 0, 0, 1, 37.8272, -0.135494, 14.473)

[node name="Tree_075" parent="NavigationRegion3D/Tree" instance=ExtResource("3_ejgva")]
transform = Transform3D(0.637693, 0, 0.770291, 0, 1, 0, -0.770291, 0, 0.637693, 37.4564, -0.135494, 16.0961)

[node name="Tree_076" parent="NavigationRegion3D/Tree" instance=ExtResource("5_gblro")]
transform = Transform3D(1, 0, 0, 0, 1, 0, 0, 0, 1, 36.0675, -0.135498, 14.8126)

[node name="Tree_077" parent="NavigationRegion3D/Tree" instance=ExtResource("2_nb3br")]
transform = Transform3D(0.727928, 0, -0.685653, 0, 1, 0, 0.685653, 0, 0.727928, 38.7399, -0.135492, 19.1615)

[node name="Tree_078" parent="NavigationRegion3D/Tree" instance=ExtResource("3_ejgva")]
transform = Transform3D(1, 0, 0, 0, 1, 0, 0, 0, 1, 36.6896, -0.135492, 18.535)

[node name="Tree_079" parent="NavigationRegion3D/Tree" instance=ExtResource("5_gblro")]
transform = Transform3D(-0.144028, 0, 0.989574, 0, 1, 0, -0.989574, 0, -0.144028, 34.085, -0.149069, 16.9665)

[node name="Tree_080" parent="NavigationRegion3D/Tree" instance=ExtResource("2_nb3br")]
transform = Transform3D(1, 0, 0, 0, 1, 0, 0, 0, 1, 32.4481, -0.135496, 14.6339)

[node name="Tree_081" parent="NavigationRegion3D/Tree" instance=ExtResource("4_pai21")]
transform = Transform3D(1, 0, 0, 0, 1, 0, 0, 0, 1, 38.0701, -0.135492, 17.9301)

[node name="Tree_082" parent="NavigationRegion3D/Tree" instance=ExtResource("2_nb3br")]
transform = Transform3D(1, 0, 0, 0, 1, 0, 0, 0, 1, 31.9157, -0.135494, 17.5748)

[node name="Tree_083" parent="NavigationRegion3D/Tree" instance=ExtResource("4_pai21")]
transform = Transform3D(1, 0, 0, 0, 1, 0, 0, 0, 1, 30.7665, -0.135494, 15.7386)

[node name="Tree_084" parent="NavigationRegion3D/Tree" instance=ExtResource("2_nb3br")]
transform = Transform3D(0.58674, 0, -0.809775, 0, 1, 0, 0.809775, 0, 0.58674, 29.5611, -0.135494, 14.1205)

[node name="Tree_085" parent="NavigationRegion3D/Tree" instance=ExtResource("2_nb3br")]
transform = Transform3D(0.588025, 0, 0.808843, 0, 1, 0, -0.808843, 0, 0.588025, 39.8261, -0.135494, 29.6287)

[node name="Tree_086" parent="NavigationRegion3D/Tree" instance=ExtResource("5_gblro")]
transform = Transform3D(-0.245815, 0, 0.969317, 0, 1, 0, -0.969317, 0, -0.245815, 38.3393, -0.135496, 27.2582)

[node name="Tree_087" parent="NavigationRegion3D/Tree" instance=ExtResource("3_ejgva")]
transform = Transform3D(0.275335, 0, -0.961348, 0, 1, 0, 0.961348, 0, 0.275335, 36.5526, -0.135494, 28.0183)

[node name="Tree_088" parent="NavigationRegion3D/Tree" instance=ExtResource("4_pai21")]
transform = Transform3D(0.588025, 0, 0.808843, 0, 1, 0, -0.808843, 0, 0.588025, 41.6286, -0.135496, 28.844)

[node name="Tree_089" parent="NavigationRegion3D/Tree" instance=ExtResource("2_nb3br")]
transform = Transform3D(0.588025, 0, 0.808843, 0, 1, 0, -0.808843, 0, 0.588025, 37.4028, -0.135496, 29.4843)

[node name="Tree_090" parent="NavigationRegion3D/Tree" instance=ExtResource("4_pai21")]
transform = Transform3D(0.588025, 0, 0.808843, 0, 1, 0, -0.808843, 0, 0.588025, 34.6371, -0.135494, 28.9221)

[node name="Tree_091" parent="NavigationRegion3D/Tree" instance=ExtResource("3_ejgva")]
transform = Transform3D(-0.248064, 0, 0.968744, 0, 1, 0, -0.968744, 0, -0.248064, 35.7318, -0.135494, 30.1765)

[node name="Tree_092" parent="NavigationRegion3D/Tree" instance=ExtResource("5_gblro")]
transform = Transform3D(0.588025, 0, 0.808843, 0, 1, 0, -0.808843, 0, 0.588025, 33.8769, -0.135498, 30.5452)

[node name="Tree_093" parent="NavigationRegion3D/Tree" instance=ExtResource("2_nb3br")]
transform = Transform3D(0.982626, 0, 0.185598, 0, 1, 0, -0.185598, 0, 0.982626, 38.966, -0.135492, 30.9409)

[node name="Tree_094" parent="NavigationRegion3D/Tree" instance=ExtResource("3_ejgva")]
transform = Transform3D(0.588025, 0, 0.808843, 0, 1, 0, -0.808843, 0, 0.588025, 37.2536, -0.135492, 32.2309)

[node name="Tree_095" parent="NavigationRegion3D/Tree" instance=ExtResource("5_gblro")]
transform = Transform3D(-0.885101, 0, 0.465398, 0, 1, 0, -0.465398, 0, -0.885101, 34.4534, -0.149069, 33.4153)

[node name="Tree_096" parent="NavigationRegion3D/Tree" instance=ExtResource("2_nb3br")]
transform = Transform3D(0.588025, 0, 0.808843, 0, 1, 0, -0.808843, 0, 0.588025, 31.6042, -0.135496, 33.3676)

[node name="Tree_097" parent="NavigationRegion3D/Tree" instance=ExtResource("4_pai21")]
transform = Transform3D(0.588025, 0, 0.808843, 0, 1, 0, -0.808843, 0, 0.588025, 37.5761, -0.135492, 30.7586)

[node name="Tree_098" parent="NavigationRegion3D/Tree" instance=ExtResource("2_nb3br")]
transform = Transform3D(0.588025, 0, 0.808843, 0, 1, 0, -0.808843, 0, 0.588025, 33.6698, -0.135494, 35.5276)

[node name="Tree_099" parent="NavigationRegion3D/Tree" instance=ExtResource("4_pai21")]
transform = Transform3D(0.588025, 0, 0.808843, 0, 1, 0, -0.808843, 0, 0.588025, 31.5089, -0.135494, 35.3773)

[node name="Tree_100" parent="NavigationRegion3D/Tree" instance=ExtResource("2_nb3br")]
transform = Transform3D(0.999999, 0, -0.00158824, 0, 1, 0, 0.00158824, 0, 0.999999, 29.4913, -0.135494, 35.4009)

[node name="Tree_101" parent="NavigationRegion3D/Tree" instance=ExtResource("4_pai21")]
transform = Transform3D(1, 0, 0, 0, 1, 0, 0, 0, 1, 33.8897, -0.135494, 19.2534)

[node name="Tree_102" parent="NavigationRegion3D/Tree" instance=ExtResource("2_nb3br")]
transform = Transform3D(-0.989331, 0, 0.145686, 0, 1, 0, -0.145686, 0, -0.989331, 3.13245, -0.0463027, 32.4341)

[node name="Tree_103" parent="NavigationRegion3D/Tree" instance=ExtResource("5_gblro")]
transform = Transform3D(-0.744661, 0, -0.667443, 0, 1, 0, 0.667443, 0, -0.744661, 1.72217, -0.0463047, 34.8509)

[node name="Tree_104" parent="NavigationRegion3D/Tree" instance=ExtResource("3_ejgva")]
transform = Transform3D(0.723907, 0, 0.689898, 0, 1, 0, -0.689898, 0, 0.723907, 3.22439, -0.0463027, 36.0811)

[node name="Tree_105" parent="NavigationRegion3D/Tree" instance=ExtResource("4_pai21")]
transform = Transform3D(-0.989331, 0, 0.145686, 0, 1, 0, -0.145686, 0, -0.989331, 6.60106, -0.0463047, 32.2013)

[node name="Tree_106" parent="NavigationRegion3D/Tree" instance=ExtResource("2_nb3br")]
transform = Transform3D(-0.989331, 0, 0.145686, 0, 1, 0, -0.145686, 0, -0.989331, 4.12874, -0.0463047, 34.6479)

[node name="Tree_107" parent="NavigationRegion3D/Tree" instance=ExtResource("4_pai21")]
transform = Transform3D(-0.989331, 0, 0.145686, 0, 1, 0, -0.145686, 0, -0.989331, 4.91377, -0.0463027, 37.3588)

[node name="Tree_108" parent="NavigationRegion3D/Tree" instance=ExtResource("3_ejgva")]
transform = Transform3D(-0.74311, 0, -0.669169, 0, 1, 0, 0.669169, 0, -0.74311, 5.51712, -0.0463027, 35.807)

[node name="Tree_109" parent="NavigationRegion3D/Tree" instance=ExtResource("5_gblro")]
transform = Transform3D(-0.989331, 0, 0.145686, 0, 1, 0, -0.145686, 0, -0.989331, 6.70424, -0.0463067, 37.2792)

[node name="Tree_110" parent="NavigationRegion3D/Tree" instance=ExtResource("2_nb3br")]
transform = Transform3D(-0.620272, 0, 0.784387, 0, 1, 0, -0.784387, 0, -0.620272, 4.6939, -0.0463007, 32.5873)

[node name="Tree_111" parent="NavigationRegion3D/Tree" instance=ExtResource("3_ejgva")]
transform = Transform3D(-0.989331, 0, 0.145686, 0, 1, 0, -0.145686, 0, -0.989331, 6.63105, -0.0463007, 33.5058)

[node name="Tree_112" parent="NavigationRegion3D/Tree" instance=ExtResource("5_gblro")]
transform = Transform3D(-0.00167567, 0, -0.999999, 0, 1, 0, 0.999999, 0, -0.00167567, 8.97934, -0.0598777, 35.437)

[node name="Tree_113" parent="NavigationRegion3D/Tree" instance=ExtResource("2_nb3br")]
transform = Transform3D(-0.989331, 0, 0.145686, 0, 1, 0, -0.145686, 0, -0.989331, 10.2589, -0.0463047, 37.9832)

[node name="Tree_114" parent="NavigationRegion3D/Tree" instance=ExtResource("4_pai21")]
transform = Transform3D(-0.989331, 0, 0.145686, 0, 1, 0, -0.145686, 0, -0.989331, 5.17717, -0.0463007, 33.9031)

[node name="Tree_115" parent="NavigationRegion3D/Tree" instance=ExtResource("2_nb3br")]
transform = Transform3D(-0.989331, 0, 0.145686, 0, 1, 0, -0.145686, 0, -0.989331, 11.2141, -0.0463027, 35.1512)

[node name="Tree_116" parent="NavigationRegion3D/Tree" instance=ExtResource("4_pai21")]
transform = Transform3D(-0.989331, 0, 0.145686, 0, 1, 0, -0.145686, 0, -0.989331, 12.0835, -0.0463027, 37.1353)

[node name="Tree_117" parent="NavigationRegion3D/Tree" instance=ExtResource("2_nb3br")]
transform = Transform3D(-0.462507, 0, 0.886615, 0, 1, 0, -0.886615, 0, -0.462507, 13.0404, -0.0463027, 38.9117)

[node name="Tree_118" parent="NavigationRegion3D/Tree" instance=ExtResource("4_pai21")]
transform = Transform3D(1, 0, 0, 0, 1, 0, 0, 0, 1, -7.53603, -0.165039, 33.2027)

[node name="Tree_119" parent="NavigationRegion3D/Tree" instance=ExtResource("3_ejgva")]
transform = Transform3D(1, 0, 0, 0, 1, 0, 0, 0, 1, -7.41217, -0.16504, 31.7994)

[node name="Tree_120" parent="NavigationRegion3D/Tree" instance=ExtResource("5_gblro")]
transform = Transform3D(1, 0, 0, 0, 1, 0, 0, 0, 1, -8.4521, -0.155907, 33.9511)

[node name="Tree_121" parent="NavigationRegion3D/Tree" instance=ExtResource("2_nb3br")]
transform = Transform3D(-0.877414, 0, 0.479734, 0, 1, 0, -0.479734, 0, -0.877414, -8.74021, -0.16504, 32.7374)

[node name="Tree_122" parent="NavigationRegion3D/Tree" instance=ExtResource("4_pai21")]
transform = Transform3D(1, 0, 0, 0, 1, 0, 0, 0, 1, -9.03335, -0.16504, 30.8146)

[node name="Tree_126" parent="NavigationRegion3D/Tree" instance=ExtResource("5_gblro")]
transform = Transform3D(-0.0510462, 0, -0.998696, 0, 1, 0, 0.998696, 0, -0.0510462, -13.0919, 1.60719, -12.2018)

[node name="Tree_127" parent="NavigationRegion3D/Tree" instance=ExtResource("3_ejgva")]
transform = Transform3D(1, 0, 0, 0, 1, 0, 0, 0, 1, -32.2009, 1.65062, -17.54)

[node name="Tree_128" parent="NavigationRegion3D/Tree" instance=ExtResource("4_pai21")]
transform = Transform3D(1, 0, 0, 0, 1, 0, 0, 0, 1, -15.0851, 1.65062, -14.8732)

[node name="Tree_129" parent="NavigationRegion3D/Tree" instance=ExtResource("4_pai21")]
transform = Transform3D(1, 0, 0, 0, 1, 0, 0, 0, 1, -15.0851, 1.99085, -13.2549)

[node name="Tree_130" parent="NavigationRegion3D/Tree" instance=ExtResource("3_ejgva")]
transform = Transform3D(0.644924, 0, -0.764246, 0, 1, 0, 0.764246, 0, 0.644924, -31.2351, 1.65061, -27.5282)

[node name="Tree_131" parent="NavigationRegion3D/Tree" instance=ExtResource("4_pai21")]
transform = Transform3D(1, 0, 0, 0, 1, 0, 0, 0, 1, -35.539, 1.27961, -31.2425)

[node name="Tree_232" parent="NavigationRegion3D/Tree" instance=ExtResource("4_pai21")]
transform = Transform3D(-0.146394, 0, -0.989226, 0, 1, 0, 0.989226, 0, -0.146394, -43.81, 3.51668, -18.5978)

[node name="Tree_233" parent="NavigationRegion3D/Tree" instance=ExtResource("4_pai21")]
transform = Transform3D(0.513362, 0, -0.858172, 0, 1, 0, 0.858172, 0, 0.513362, -43.3163, 3.65562, -27.1697)

[node name="Tree_132" parent="NavigationRegion3D/Tree" instance=ExtResource("4_pai21")]
transform = Transform3D(1, 0, 0, 0, 1, 0, 0, 0, 1, -34.3143, 1.65062, -19.0636)

[node name="Tree_133" parent="NavigationRegion3D/Tree" instance=ExtResource("5_gblro")]
transform = Transform3D(-0.0510462, 0, -0.998696, 0, 1, 0, 0.998696, 0, -0.0510462, -22.0474, 1.60719, -15.3137)

[node name="Tree_134" parent="NavigationRegion3D/Tree" instance=ExtResource("4_pai21")]
transform = Transform3D(1, 0, 0, 0, 1, 0, 0, 0, 1, -22.0297, 1.65062, -18.7285)

[node name="Tree_135" parent="NavigationRegion3D/Tree" instance=ExtResource("4_pai21")]
transform = Transform3D(1, 0, 0, 0, 1, 0, 0, 0, 1, -19.9921, 1.65062, -14.8488)

[node name="Tree_136" parent="NavigationRegion3D/Tree" instance=ExtResource("4_pai21")]
transform = Transform3D(1, 0, 0, 0, 1, 0, 0, 0, 1, -23.9526, 1.65062, -17.13)

[node name="Tree_137" parent="NavigationRegion3D/Tree" instance=ExtResource("4_pai21")]
transform = Transform3D(1, 0, 0, 0, 1, 0, 0, 0, 1, -29.6319, 1.65062, -17.9804)

[node name="Tree_138" parent="NavigationRegion3D/Tree" instance=ExtResource("4_pai21")]
transform = Transform3D(1, 0, 0, 0, 1, 0, 0, 0, 1, -20.8984, 1.65062, -15.6263)

[node name="Tree_139" parent="NavigationRegion3D/Tree" instance=ExtResource("5_gblro")]
transform = Transform3D(-0.0510462, 0, -0.998696, 0, 1, 0, 0.998696, 0, -0.0510462, -11.5496, 1.60719, -30.1582)

[node name="Tree_140" parent="NavigationRegion3D/Tree" instance=ExtResource("4_pai21")]
transform = Transform3D(1, 0, 0, 0, 1, 0, 0, 0, 1, -25.6261, 1.65062, -16.5065)

[node name="Tree_141" parent="NavigationRegion3D/Tree" instance=ExtResource("4_pai21")]
transform = Transform3D(-0.280784, 0, 0.959771, 0, 1, 0, -0.959771, 0, -0.280784, -15.0851, 2.33602, -17.4524)

[node name="Tree_142" parent="NavigationRegion3D/Tree" instance=ExtResource("2_nb3br")]
transform = Transform3D(1, 0, 0, 0, 1, 0, 0, 0, 1, -14.1231, 2.33602, -18.9438)

[node name="Tree_143" parent="NavigationRegion3D/Tree" instance=ExtResource("2_nb3br")]
transform = Transform3D(0.379924, 0, 0.925018, 0, 1, 0, -0.925018, 0, 0.379924, -15.4323, 2.33602, -20.0278)

[node name="Tree_144" parent="NavigationRegion3D/Tree" instance=ExtResource("3_ejgva")]
transform = Transform3D(1, 0, 0, 0, 1, 0, 0, 0, 1, -13.2821, 2.33602, -23.0063)

[node name="Tree_145" parent="NavigationRegion3D/Tree" instance=ExtResource("4_pai21")]
transform = Transform3D(1, 0, 0, 0, 1, 0, 0, 0, 1, -14.6247, 2.33602, -21.4088)

[node name="Tree_146" parent="NavigationRegion3D/Tree" instance=ExtResource("2_nb3br")]
transform = Transform3D(1, 0, 0, 0, 1, 0, 0, 0, 1, -20.4655, 1.65061, -21.3392)

[node name="Tree_147" parent="NavigationRegion3D/Tree" instance=ExtResource("5_gblro")]
transform = Transform3D(1, 0, 0, 0, 1, 0, 0, 0, 1, -31.9418, 1.65061, -29.1815)

[node name="Tree_148" parent="NavigationRegion3D/Tree" instance=ExtResource("5_gblro")]
transform = Transform3D(1, 0, 0, 0, 1, 0, 0, 0, 1, -31.5162, 1.65061, -17.5904)

[node name="Tree_149" parent="NavigationRegion3D/Tree" instance=ExtResource("5_gblro")]
transform = Transform3D(1, 0, 0, 0, 1, 0, 0, 0, 1, -25.9589, 1.65062, -15.7003)

[node name="Tree_229" parent="NavigationRegion3D/Tree" instance=ExtResource("3_ejgva")]
transform = Transform3D(0.955916, 0, 0.29364, 0, 1, 0, -0.29364, 0, 0.955916, -38.1574, 1.65062, -11.057)

[node name="Tree_230" parent="NavigationRegion3D/Tree" instance=ExtResource("4_pai21")]
transform = Transform3D(0.734548, 0, -0.678557, 0, 1, 0, 0.678557, 0, 0.734548, -42.2414, 3.59591, -13.9985)

[node name="Tree_231" parent="NavigationRegion3D/Tree" instance=ExtResource("5_gblro")]
transform = Transform3D(0.955916, 0, 0.29364, 0, 1, 0, -0.29364, 0, 0.955916, -34.1456, 1.19311, -1.25427)

[node name="Tree_150" parent="NavigationRegion3D/Tree" instance=ExtResource("5_gblro")]
transform = Transform3D(1, 0, 0, 0, 1, 0, 0, 0, 1, -24.3934, 1.65061, -15.5332)

[node name="Tree_151" parent="NavigationRegion3D/Tree" instance=ExtResource("3_ejgva")]
transform = Transform3D(1, 0, 0, 0, 1, 0, 0, 0, 1, -30.5861, 1.65061, -30.1146)

[node name="Tree_152" parent="NavigationRegion3D/Tree" instance=ExtResource("5_gblro")]
transform = Transform3D(0.137012, 0, 0.990569, 0, 1, 0, -0.990569, 0, 0.137012, -27.3966, 1.65061, -34.3549)

[node name="Tree_153" parent="NavigationRegion3D/Tree" instance=ExtResource("3_ejgva")]
transform = Transform3D(0.137012, 0, 0.990569, 0, 1, 0, -0.990569, 0, 0.137012, -28.3852, 1.65061, -36.7133)

[node name="Tree_154" parent="NavigationRegion3D/Tree" instance=ExtResource("4_pai21")]
transform = Transform3D(1, 0, 0, 0, 1, 0, 0, 0, 1, -21.2921, 1.65061, -22.9064)

[node name="Tree_155" parent="NavigationRegion3D/Tree" instance=ExtResource("2_nb3br")]
transform = Transform3D(1, 0, 0, 0, 1, 0, 0, 0, 1, -31.3294, 1.65061, -18.179)

[node name="Tree_156" parent="NavigationRegion3D/Tree" instance=ExtResource("4_pai21")]
transform = Transform3D(1, 0, 0, 0, 1, 0, 0, 0, 1, -32.1561, 1.65061, -19.7462)

[node name="Tree_157" parent="NavigationRegion3D/Tree" instance=ExtResource("2_nb3br")]
transform = Transform3D(1, 0, 0, 0, 1, 0, 0, 0, 1, -20.074, 1.65062, -22.5867)

[node name="Tree_158" parent="NavigationRegion3D/Tree" instance=ExtResource("4_pai21")]
transform = Transform3D(0.577587, 0, -0.816329, 0, 1, 0, 0.816329, 0, 0.577587, -20.7995, 1.65062, -29.2244)

[node name="Tree_159" parent="NavigationRegion3D/Tree" instance=ExtResource("3_ejgva")]
transform = Transform3D(0.83178, 0, -0.555106, 0, 1, 0, 0.555106, 0, 0.83178, -22.6217, 2.47864, -28.6456)

[node name="Tree_160" parent="NavigationRegion3D/Tree" instance=ExtResource("5_gblro")]
transform = Transform3D(0.756892, 0, 0.65354, 0, 1, 0, -0.65354, 0, 0.756892, -23.4448, 1.65062, -27.3363)

[node name="Tree_161" parent="NavigationRegion3D/Tree" instance=ExtResource("3_ejgva")]
transform = Transform3D(1, 0, 0, 0, 1, 0, 0, 0, 1, -29.8644, 1.65061, -29.5713)

[node name="Tree_162" parent="NavigationRegion3D/Tree" instance=ExtResource("5_gblro")]
transform = Transform3D(-0.876752, 0, 0.480943, 0, 1, 0, -0.480943, 0, -0.876752, -29.3126, 1.65062, -28.4343)

[node name="Tree_163" parent="NavigationRegion3D/Tree" instance=ExtResource("2_nb3br")]
transform = Transform3D(0.75018, 0, 0.661233, 0, 1, 0, -0.661233, 0, 0.75018, -21.5002, 1.65062, -27.9276)

[node name="Tree_164" parent="NavigationRegion3D/Tree" instance=ExtResource("3_ejgva")]
transform = Transform3D(1, 0, 0, 0, 1, 0, 0, 0, 1, -24.0589, 2.47864, -29.2457)

