[gd_scene load_steps=30 format=3 uid="uid://c1gv8twl1ft85"]

[ext_resource type="PackedScene" uid="uid://crq2xjn1pfqua" path="res://Scenes/Player/Player.tscn" id="1_jnyte"]
[ext_resource type="PackedScene" uid="uid://est2r0xb5v75" path="res://Assets/3D/Meshes/Environement/Foliage/Trees/Tree_001.fbx" id="2_nb3br"]
[ext_resource type="PackedScene" uid="uid://de8rsgknqctr0" path="res://Assets/3D/Meshes/Environement/Boxs/Box_002.fbx" id="3_5hq3j"]
[ext_resource type="PackedScene" uid="uid://dnukn3mfoapqs" path="res://Assets/3D/Meshes/Environement/Foliage/Trees/Tree_003.fbx" id="3_ejgva"]
[ext_resource type="PackedScene" uid="uid://bi7kpgdtj8l7l" path="res://Assets/3D/Meshes/Environement/Foliage/Trees/Tree_004.fbx" id="4_pai21"]
[ext_resource type="PackedScene" uid="uid://iloho5l732t6" path="res://Assets/3D/Meshes/Environement/Foliage/Trees/Tree_002.fbx" id="5_gblro"]
[ext_resource type="PackedScene" uid="uid://dkcl1oxbyhc3c" path="res://Assets/Asset_Scenes/Props/box_001.tscn" id="6_1sk2u"]
[ext_resource type="PackedScene" uid="uid://gif5k0ycyjty" path="res://Assets/Asset_Scenes/Interactables/Door_basic.tscn" id="7_olr8l"]
[ext_resource type="PackedScene" uid="uid://jbjcevw7m6oc" path="res://Assets/Asset_Scenes/Interactables/cigars.tscn" id="8_bvorn"]
[ext_resource type="PackedScene" uid="uid://b0p66n3rftl37" path="res://Assets/3D/Meshes/Environement/Foliage/Grass/Bush.fbx" id="9_hgrvp"]
[ext_resource type="PackedScene" uid="uid://d2h4ll8ajgjul" path="res://Assets/3D/Meshes/Environement/Foliage/Grass/Fougerre.fbx" id="10_4j0in"]
[ext_resource type="PackedScene" uid="uid://bp5x7p37ibcwv" path="res://Assets/3D/Meshes/Environement/Foliage/Grass/Grass2.fbx" id="11_624qu"]
[ext_resource type="PackedScene" uid="uid://bljdlpn8t70ek" path="res://Assets/3D/Meshes/Environement/Foliage/Grass/Grass.fbx" id="12_g7230"]
[ext_resource type="PackedScene" uid="uid://ccjicd7ibqa5d" path="res://Assets/Asset_Scenes/Props/box_002.tscn" id="15_bgdng"]
[ext_resource type="PackedScene" uid="uid://dmcvphic6b33w" path="res://Assets/Asset_Scenes/Levels/dialogue_trigger_area.tscn" id="15_jgyjt"]

[ext_resource type="PackedScene" uid="uid://db55puhnei8us" path="res://Assets/3D/Meshes/Environement/Modules/Walls.fbx" id="16_jkapy"]
[ext_resource type="PackedScene" uid="uid://cixpjlysnw25h" path="res://Assets/3D/Meshes/Environement/Modules/Walls_Beam.fbx" id="17_5weg1"]
[ext_resource type="PackedScene" uid="uid://drls73edqqhkg" path="res://Assets/3D/Meshes/Environement/Modules/Walls_Pillar.fbx" id="18_kfcvf"]
[ext_resource type="PackedScene" uid="uid://onxh3xag1m6x" path="res://Assets/3D/Meshes/Environement/Modules/Fence.fbx" id="19_2qfjb"]
[ext_resource type="PackedScene" uid="uid://cr8kl3ir8kbtt" path="res://Assets/3D/Meshes/Environement/Modules/Fence_Pillard.fbx" id="20_pv4w7"]


[sub_resource type="ProceduralSkyMaterial" id="ProceduralSkyMaterial_gvu4f"]
sky_top_color = Color(0.321569, 0.447059, 0.666667, 1)
sky_horizon_color = Color(0.733333, 0.627451, 0.6, 1)

[sub_resource type="Sky" id="Sky_hk1f2"]
sky_material = SubResource("ProceduralSkyMaterial_gvu4f")

[sub_resource type="Environment" id="Environment_67i3u"]
background_mode = 2
sky = SubResource("Sky_hk1f2")

[sub_resource type="StandardMaterial3D" id="StandardMaterial3D_64b1r"]
albedo_color = Color(0.211765, 0.0784314, 0, 1)

[sub_resource type="CylinderShape3D" id="CylinderShape3D_4e03p"]
radius = 3.44859

[sub_resource type="BoxShape3D" id="BoxShape3D_yokp4"]
size = Vector3(26.5409, 3.06189, 3.03401)

[sub_resource type="CylinderShape3D" id="CylinderShape3D_fndcb"]
radius = 1.71644

[sub_resource type="CylinderShape3D" id="CylinderShape3D_w7gy5"]
height = 1.80299
radius = 2.2267

[sub_resource type="CylinderShape3D" id="CylinderShape3D_jehml"]
height = 2.14608
radius = 2.5038

[node name="Blocking level" type="Node3D"]

[node name="Player" parent="." instance=ExtResource("1_jnyte")]
transform = Transform3D(-4.37114e-08, 0, 1, 0, 1, 0, -1, 0, -4.37114e-08, -14.6886, 2.10178, -44.415)

[node name="WorldEnvironment" type="WorldEnvironment" parent="."]
environment = SubResource("Environment_67i3u")

[node name="Caisse divers" type="Node" parent="."]

[node name="Box_001" parent="Caisse divers" instance=ExtResource("6_1sk2u")]
transform = Transform3D(0.520598, 0, -0.0436792, 0, 0.522427, 0, 0.0436792, 0, 0.520598, 3.27247, 0.616567, -0.196552)

[node name="Box_002" parent="Caisse divers" instance=ExtResource("6_1sk2u")]
transform = Transform3D(0.521405, 0, 0.0326579, 0, 0.522427, 0, -0.0326579, 0, 0.521405, 3.08968, 0.616567, -1.40753)

[node name="Box_003" parent="Caisse divers" instance=ExtResource("6_1sk2u")]
transform = Transform3D(0.514709, 0, -0.0894701, 0, 0.522427, 0, 0.0894701, 0, 0.514709, 3.43047, 0.616567, -2.62823)

[node name="Box_004" parent="Caisse divers" instance=ExtResource("6_1sk2u")]
transform = Transform3D(0.511171, 0, -0.10786, 0, 0.522427, 0, 0.10786, 0, 0.511171, 3.03539, 0.616567, -3.78662)

[node name="Box_005" parent="Caisse divers" instance=ExtResource("6_1sk2u")]
transform = Transform3D(0.520596, 0, 0.0437065, 0, 0.522427, 0, -0.0437065, 0, 0.520596, 3.01522, 0.596005, -5.02481)

[node name="Box_041" parent="Caisse divers" instance=ExtResource("3_5hq3j")]
transform = Transform3D(0.998599, 0, -0.0529111, 0, 1, 0, 0.0529111, 0, 0.998599, -50.7042, 2.65657, 30.0146)

[node name="Box_042" parent="Caisse divers" instance=ExtResource("3_5hq3j")]
transform = Transform3D(0.731485, 0, -0.681858, 0, 1, 0, 0.681858, 0, 0.731485, -59.7816, 2.65657, 31.3548)

[node name="Rampe" type="Node" parent="."]

[node name="Rampe" type="CSGBox3D" parent="Rampe"]
transform = Transform3D(0.518057, 0.855346, 0, -0.855346, 0.518057, 0, 0, 0, 1, 41.9034, 0.537784, 5.17319)
use_collision = true
size = Vector3(0.374938, 3.08311, 5.80685)

[node name="Rampe2" type="CSGBox3D" parent="Rampe"]
transform = Transform3D(0.463232, -0.886232, -0.00274005, -0.886236, -0.463234, 1.16415e-10, -0.00126929, 0.00242833, -0.999996, 41.8362, 0.597223, 23.9877)
use_collision = true
size = Vector3(0.374938, 3.08311, 4.41733)

[node name="Rampe3" type="CSGBox3D" parent="Rampe"]
transform = Transform3D(-0.463232, 0.886232, 0.00274014, -0.886236, -0.463234, 8.16608e-11, 0.00126933, -0.00242841, 0.999996, -31.8054, 0.597223, 18.9877)
use_collision = true
size = Vector3(0.374938, 4, 2)

[node name="Rampe4" type="CSGBox3D" parent="Rampe"]
transform = Transform3D(-0.463232, 0.886232, 0.00274014, -0.886236, -0.463234, 8.16608e-11, 0.00126933, -0.00242841, 0.999996, -31.8054, 0.597223, 28.9877)
use_collision = true
size = Vector3(0.374938, 4, 2)

[node name="Tree" type="Node" parent="."]

[node name="Tree_017" parent="Tree" instance=ExtResource("5_gblro")]
transform = Transform3D(1, 0, 0, 0, 1, 0, 0, 0, 1, -7.96729, -0.129198, -0.501736)

[node name="Tree_018" parent="Tree" instance=ExtResource("4_pai21")]
transform = Transform3D(0.749776, 0, -0.661691, 0, 1, 0, 0.661691, 0, 0.749776, -8.26538, -0.129198, -1.4987)

[node name="Tree_019" parent="Tree" instance=ExtResource("2_nb3br")]
transform = Transform3D(-0.948771, 0, 0.315964, 0, 1, 0, -0.315964, 0, -0.948771, -9.51426, -0.224686, -1.9836)

[node name="Tree_020" parent="Tree" instance=ExtResource("5_gblro")]
transform = Transform3D(1, 0, 0, 0, 1, 0, 0, 0, 1, -5.41443, -0.129199, -3.55014)

[node name="Tree_021" parent="Tree" instance=ExtResource("3_ejgva")]
transform = Transform3D(1, 0, 0, 0, 1, 0, 0, 0, 1, -9.47902, -0.129197, -2.54638)

[node name="Tree_022" parent="Tree" instance=ExtResource("4_pai21")]
transform = Transform3D(1, 0, 0, 0, 1, 0, 0, 0, 1, -8.80972, -0.129198, -4.64486)

[node name="Tree_123" parent="Tree" instance=ExtResource("4_pai21")]
transform = Transform3D(1, 0, 0, 0, 1, 0, 0, 0, 1, -14.5271, 0.870804, -11.3664)

[node name="Tree_125" parent="Tree" instance=ExtResource("4_pai21")]
transform = Transform3D(1, 0, 0, 0, 1, 0, 0, 0, 1, -24.489, 0.870804, -19.0579)

[node name="Tree_124" parent="Tree" instance=ExtResource("4_pai21")]
transform = Transform3D(1, 0, 0, 0, 1, 0, 0, 0, 1, -20.9466, 0.870804, -16.5629)

[node name="Tree_023" parent="Tree" instance=ExtResource("3_ejgva")]
transform = Transform3D(1, 0, 0, 0, 1, 0, 0, 0, 1, -6.40944, -0.129198, -5.54976)

[node name="Tree_007" parent="Tree" instance=ExtResource("4_pai21")]
transform = Transform3D(-0.96664, 0, -0.256138, 0, 1, 0, 0.256138, 0, -0.96664, -1.87986, -0.129199, -6.49733)

[node name="Tree_008" parent="Tree" instance=ExtResource("3_ejgva")]
transform = Transform3D(1, 0, 0, 0, 1, 0, 0, 0, 1, 1.06669, -0.129199, -7.09943)

[node name="Tree_009" parent="Tree" instance=ExtResource("5_gblro")]
transform = Transform3D(1, 0, 0, 0, 1, 0, 0, 0, 1, 0.29274, -0.129198, -6.35144)

[node name="Tree_010" parent="Tree" instance=ExtResource("4_pai21")]
transform = Transform3D(1, 0, 0, 0, 1, 0, 0, 0, 1, 4.60057, -0.129199, -6.7126)

[node name="Tree_011" parent="Tree" instance=ExtResource("3_ejgva")]
transform = Transform3D(1, 0, 0, 0, 1, 0, 0, 0, 1, 3.5665, -0.129198, -7.134)

[node name="Tree_012" parent="Tree" instance=ExtResource("2_nb3br")]
transform = Transform3D(1, 0, 0, 0, 1, 0, 0, 0, 1, -1.11518, -0.129198, -7.13429)

[node name="Tree_013" parent="Tree" instance=ExtResource("5_gblro")]
transform = Transform3D(1, 0, 0, 0, 1, 0, 0, 0, 1, -3.39303, -0.129198, -5.77684)

[node name="Tree_014" parent="Tree" instance=ExtResource("3_ejgva")]
transform = Transform3D(1, 0, 0, 0, 1, 0, 0, 0, 1, -4.39576, -0.129199, -4.72419)

[node name="Tree_015" parent="Tree" instance=ExtResource("4_pai21")]
transform = Transform3D(1, 0, 0, 0, 1, 0, 0, 0, 1, -5.80554, -0.129199, -1.89668)

[node name="Tree_016" parent="Tree" instance=ExtResource("2_nb3br")]
transform = Transform3D(1, 0.000176255, 0.000199863, -0.00017623, 1, -8.35201e-05, -0.000199885, 8.34663e-05, 1, -6.24507, -0.129199, 0.141608)

[node name="Tree_006" parent="Tree" instance=ExtResource("4_pai21")]
transform = Transform3D(-0.432778, 0, -0.9015, 0, 1, 0, 0.9015, 0, -0.432778, 2.44514, -0.129198, 5.11185)

[node name="Tree_002" parent="Tree" instance=ExtResource("5_gblro")]
transform = Transform3D(1, 0, 0, 0, 1, 0, 0, 0, 1, 3.0517, -0.129198, 2.46747)

[node name="Tree_005" parent="Tree" instance=ExtResource("5_gblro")]
transform = Transform3D(-0.754836, 0, -0.655914, 0, 1, 0, 0.655914, 0, -0.754836, 2.6757, -0.129198, 0.838279)

[node name="Tree_001" parent="Tree" instance=ExtResource("2_nb3br")]
transform = Transform3D(0.579608, 0, 0.814895, 0, 1, 0, -0.814895, 0, 0.579608, 5.72799, -0.0337117, 7.09331)

[node name="Tree_003" parent="Tree" instance=ExtResource("3_ejgva")]
transform = Transform3D(1, 0, 0, 0, 1, 0, 0, 0, 1, 4.09919, -0.129197, 4.08134)

[node name="Tree_004" parent="Tree" instance=ExtResource("4_pai21")]
transform = Transform3D(-0.137272, 0, -0.990533, 0, 1, 0, 0.990533, 0, -0.137272, 4.70362, -0.129197, 5.78092)

[node name="Tree_024" parent="Tree" instance=ExtResource("4_pai21")]
transform = Transform3D(1, 0, 0, 0, 1, 0, 0, 0, 1, 6.62573, -0.129199, -5.90878)

[node name="Tree_025" parent="Tree" instance=ExtResource("3_ejgva")]
transform = Transform3D(1, 0, 0, 0, 1, 0, 0, 0, 1, 7.97732, -0.129199, -4.06152)

[node name="Tree_026" parent="Tree" instance=ExtResource("5_gblro")]
transform = Transform3D(1, 0, 0, 0, 1, 0, 0, 0, 1, 8.5418, -0.129197, -2.666)

[node name="Tree_027" parent="Tree" instance=ExtResource("2_nb3br")]
transform = Transform3D(1, 0, 0, 0, 1, 0, 0, 0, 1, 9.22455, -0.129198, -0.764197)

[node name="Tree_028" parent="Tree" instance=ExtResource("5_gblro")]
transform = Transform3D(1, 0, 0, 0, 1, 0, 0, 0, 1, 10.4383, -0.129198, 0.551777)

[node name="Tree_029" parent="Tree" instance=ExtResource("3_ejgva")]
transform = Transform3D(1, 0, 0, 0, 1, 0, 0, 0, 1, 1.44962, -0.129198, 6.67634)

[node name="Tree_030" parent="Tree" instance=ExtResource("4_pai21")]
transform = Transform3D(1, 0, 0, 0, 1, 0, 0, 0, 1, 11.5613, -0.129198, 1.61787)

[node name="Tree_031" parent="Tree" instance=ExtResource("5_gblro")]
transform = Transform3D(1, 0, 0, 0, 1, 0, 0, 0, 1, 12.0034, -0.129199, 0.641829)

[node name="Tree_032" parent="Tree" instance=ExtResource("2_nb3br")]
transform = Transform3D(1, 0, 0, 0, 1, 0, 0, 0, 1, 13.111, -0.129199, 1.43267)

[node name="Tree_033" parent="Tree" instance=ExtResource("3_ejgva")]
transform = Transform3D(1, 0, 0, 0, 1, 0, 0, 0, 1, 15.8009, -0.129198, 1.89777)

[node name="Tree_034" parent="Tree" instance=ExtResource("4_pai21")]
transform = Transform3D(1, 0, 0, 0, 1, 0, 0, 0, 1, 14.6327, -0.129199, 0.735846)

[node name="Tree_035" parent="Tree" instance=ExtResource("3_ejgva")]
transform = Transform3D(1, 0, 0, 0, 1, 0, 0, 0, 1, 18.3372, -0.129198, 2.06827)

[node name="Tree_036" parent="Tree" instance=ExtResource("5_gblro")]
transform = Transform3D(1, 0, 0, 0, 1, 0, 0, 0, 1, 3.35855, -0.129199, 5.423)

[node name="Tree_037" parent="Tree" instance=ExtResource("2_nb3br")]
transform = Transform3D(1, 0, 0, 0, 1, 0, 0, 0, 1, 4.03508, -0.129198, 2.89936)

[node name="Tree_038" parent="Tree" instance=ExtResource("5_gblro")]
transform = Transform3D(1, 0, 0, 0, 1, 0, 0, 0, 1, -8.02153, -0.129199, 0.842071)

[node name="Tree_039" parent="Tree" instance=ExtResource("2_nb3br")]
transform = Transform3D(1, 0, 0, 0, 1, 0, 0, 0, 1, 17.1034, -0.129199, 1.35066)

[node name="Tree_040" parent="Tree" instance=ExtResource("5_gblro")]
transform = Transform3D(1, 0, 0, 0, 1, 0, 0, 0, 1, -11.6558, -0.129199, -0.102524)

[node name="Tree_041" parent="Tree" instance=ExtResource("5_gblro")]
transform = Transform3D(1, 0, 0, 0, 1, 0, 0, 0, 1, -10.2287, -0.129199, -0.0618844)

[node name="Tree_042" parent="Tree" instance=ExtResource("5_gblro")]
transform = Transform3D(1, 0, 0, 0, 1, 0, 0, 0, 1, 1.88419, -0.129198, -6.25605)

[node name="Tree_043" parent="Tree" instance=ExtResource("5_gblro")]
transform = Transform3D(1, 0, 0, 0, 1, 0, 0, 0, 1, 20.8393, -0.129198, 0.52482)

[node name="Tree_044" parent="Tree" instance=ExtResource("3_ejgva")]
transform = Transform3D(1, 0, 0, 0, 1, 0, 0, 0, 1, 22.4201, -0.129199, -0.740593)

[node name="Tree_045" parent="Tree" instance=ExtResource("2_nb3br")]
transform = Transform3D(1, 0, 0, 0, 1, 0, 0, 0, 1, 23.0746, -0.129199, -2.20412)

[node name="Tree_046" parent="Tree" instance=ExtResource("4_pai21")]
transform = Transform3D(1, 0, 0, 0, 1, 0, 0, 0, 1, 25.432, -0.129198, -1.86196)

[node name="Tree_047" parent="Tree" instance=ExtResource("2_nb3br")]
transform = Transform3D(0.2482, 0, -0.968709, 0, 1, 0, 0.968709, 0, 0.2482, 27.0961, -0.129197, -1.43748)

[node name="Tree_048" parent="Tree" instance=ExtResource("5_gblro")]
transform = Transform3D(0.761742, 0, -0.647881, 0, 1, 0, 0.647881, 0, 0.761742, 30.6537, -0.129197, -2.50592)

[node name="Tree_049" parent="Tree" instance=ExtResource("3_ejgva")]
transform = Transform3D(0.586655, 0, 0.809837, 0, 1, 0, -0.809837, 0, 0.586655, 32.7907, -0.129198, -1.96649)

[node name="Tree_050" parent="Tree" instance=ExtResource("3_ejgva")]
transform = Transform3D(0.258414, 0, -0.966034, 0, 1, 0, 0.966034, 0, 0.258414, 41.3949, -0.129197, -4.50317)

[node name="Tree_051" parent="Tree" instance=ExtResource("4_pai21")]
transform = Transform3D(0.731639, 0, -0.681692, 0, 1, 0, 0.681692, 0, 0.731639, 36.0166, -0.129198, -5.477)

[node name="Tree_052" parent="Tree" instance=ExtResource("2_nb3br")]
transform = Transform3D(-0.115423, 0, -0.993316, 0, 1, 0, 0.993316, 0, -0.115423, 39.4658, -0.129197, -5.52258)

[node name="Tree_053" parent="Tree" instance=ExtResource("5_gblro")]
transform = Transform3D(1, 0, 0, 0, 1, 0, 0, 0, 1, 37.8239, -0.129197, -4.17633)

[node name="Tree_054" parent="Tree" instance=ExtResource("2_nb3br")]
transform = Transform3D(0.68386, 0, -0.729613, 0, 1, 0, 0.729613, 0, 0.68386, 33.9902, -0.129198, -3.90843)

[node name="Tree_055" parent="Tree" instance=ExtResource("3_ejgva")]
transform = Transform3D(0.731354, 0, -0.681998, 0, 1, 0, 0.681998, 0, 0.731354, 29.4534, -0.129198, -1.05948)

[node name="Tree_056" parent="Tree" instance=ExtResource("2_nb3br")]
transform = Transform3D(-0.924506, 0, 0.381167, 0, 1, 0, -0.381167, 0, -0.924506, 20.5061, -0.129198, -0.819056)

[node name="Tree_057" parent="Tree" instance=ExtResource("3_ejgva")]
transform = Transform3D(0.389815, 0, -0.920893, 0, 1, 0, 0.920893, 0, 0.389815, 19.4481, -0.129199, 1.10079)

[node name="Tree_058" parent="Tree" instance=ExtResource("4_pai21")]
transform = Transform3D(0.914635, 0, -0.40428, 0, 1, 0, 0.40428, 0, 0.914635, 37.13, -0.129198, -1.15058)

[node name="Tree_059" parent="Tree" instance=ExtResource("3_ejgva")]
transform = Transform3D(0.361039, 0, -0.932551, 0, 1, 0, 0.932551, 0, 0.361039, 39.8525, -0.129198, 1.0642)

[node name="Tree_060" parent="Tree" instance=ExtResource("2_nb3br")]
transform = Transform3D(-0.255142, 0, -0.966904, 0, 1, 0, 0.966904, 0, -0.255142, 31.5791, -0.129198, -0.91671)

[node name="Tree_061" parent="Tree" instance=ExtResource("4_pai21")]
transform = Transform3D(0.0196861, 0, -0.999806, 0, 1, 0, 0.999806, 0, 0.0196861, 35.012, -0.129198, -0.407498)

[node name="Tree_062" parent="Tree" instance=ExtResource("2_nb3br")]
transform = Transform3D(0.872334, 0, -0.488911, 0, 1, 0, 0.488911, 0, 0.872334, 41.2267, -0.129199, 1.22962)

[node name="Tree_063" parent="Tree" instance=ExtResource("4_pai21")]
transform = Transform3D(-0.917199, 0, -0.398429, 0, 1, 0, 0.398429, 0, -0.917199, 37.7297, -0.129198, 1.26439)

[node name="Tree_064" parent="Tree" instance=ExtResource("3_ejgva")]
transform = Transform3D(1, 0, 0, 0, 1, 0, 0, 0, 1, 39.2098, -0.129198, 2.6048)

[node name="Tree_065" parent="Tree" instance=ExtResource("2_nb3br")]
transform = Transform3D(1, 0, 0, 0, 1, 0, 0, 0, 1, 42.0518, -0.129198, -1.24952)

[node name="Tree_066" parent="Tree" instance=ExtResource("5_gblro")]
transform = Transform3D(1, 0, 0, 0, 1, 0, 0, 0, 1, 25.5753, -0.129198, -0.101213)

[node name="Tree_067" parent="Tree" instance=ExtResource("5_gblro")]
transform = Transform3D(1, 0, 0, 0, 1, 0, 0, 0, 1, 33.8798, -0.129198, 0.345454)

[node name="Tree_068" parent="Tree" instance=ExtResource("2_nb3br")]
transform = Transform3D(1, 0, 0, 0, 1, 0, 0, 0, 1, 3.643, -0.129199, 0.83899)

[node name="Tree_069" parent="Tree" instance=ExtResource("2_nb3br")]
transform = Transform3D(-0.258819, 0, -0.965926, 0, 1, 0, 0.965926, 0, -0.258819, 40.307, -0.135494, 19.0856)

[node name="Tree_070" parent="Tree" instance=ExtResource("5_gblro")]
transform = Transform3D(0.639479, 0, 0.768808, 0, 1, 0, -0.768808, 0, 0.639479, 38.0298, -0.135496, 20.7263)

[node name="Tree_071" parent="Tree" instance=ExtResource("3_ejgva")]
transform = Transform3D(-0.615675, 0, -0.788, 0, 1, 0, 0.788, 0, -0.615675, 40.2686, -0.135494, 14.9915)

[node name="Tree_072" parent="Tree" instance=ExtResource("4_pai21")]
transform = Transform3D(1, 0, 0, 0, 1, 0, 0, 0, 1, 36.0016, -0.135496, 20.0821)

[node name="Tree_073" parent="Tree" instance=ExtResource("2_nb3br")]
transform = Transform3D(1, 0, 0, 0, 1, 0, 0, 0, 1, 38.9988, -0.135496, 17.0406)

[node name="Tree_074" parent="Tree" instance=ExtResource("4_pai21")]
transform = Transform3D(1, 0, 0, 0, 1, 0, 0, 0, 1, 37.8272, -0.135494, 14.473)

[node name="Tree_075" parent="Tree" instance=ExtResource("3_ejgva")]
transform = Transform3D(0.637693, 0, 0.770291, 0, 1, 0, -0.770291, 0, 0.637693, 37.4564, -0.135494, 16.0961)

[node name="Tree_076" parent="Tree" instance=ExtResource("5_gblro")]
transform = Transform3D(1, 0, 0, 0, 1, 0, 0, 0, 1, 36.0675, -0.135498, 14.8126)

[node name="Tree_077" parent="Tree" instance=ExtResource("2_nb3br")]
transform = Transform3D(0.727928, 0, -0.685653, 0, 1, 0, 0.685653, 0, 0.727928, 38.7399, -0.135492, 19.1615)

[node name="Tree_078" parent="Tree" instance=ExtResource("3_ejgva")]
transform = Transform3D(1, 0, 0, 0, 1, 0, 0, 0, 1, 36.6896, -0.135492, 18.535)

[node name="Tree_079" parent="Tree" instance=ExtResource("5_gblro")]
transform = Transform3D(-0.144028, 0, 0.989574, 0, 1, 0, -0.989574, 0, -0.144028, 34.085, -0.149069, 16.9665)

[node name="Tree_080" parent="Tree" instance=ExtResource("2_nb3br")]
transform = Transform3D(1, 0, 0, 0, 1, 0, 0, 0, 1, 32.4481, -0.135496, 14.6339)

[node name="Tree_081" parent="Tree" instance=ExtResource("4_pai21")]
transform = Transform3D(1, 0, 0, 0, 1, 0, 0, 0, 1, 38.0701, -0.135492, 17.9301)

[node name="Tree_082" parent="Tree" instance=ExtResource("2_nb3br")]
transform = Transform3D(1, 0, 0, 0, 1, 0, 0, 0, 1, 31.9157, -0.135494, 17.5748)

[node name="Tree_083" parent="Tree" instance=ExtResource("4_pai21")]
transform = Transform3D(1, 0, 0, 0, 1, 0, 0, 0, 1, 30.7665, -0.135494, 15.7386)

[node name="Tree_084" parent="Tree" instance=ExtResource("2_nb3br")]
transform = Transform3D(0.58674, 0, -0.809775, 0, 1, 0, 0.809775, 0, 0.58674, 29.5611, -0.135494, 14.1205)

[node name="Tree_085" parent="Tree" instance=ExtResource("2_nb3br")]
transform = Transform3D(0.588025, 0, 0.808843, 0, 1, 0, -0.808843, 0, 0.588025, 39.8261, -0.135494, 29.6287)

[node name="Tree_086" parent="Tree" instance=ExtResource("5_gblro")]
transform = Transform3D(-0.245815, 0, 0.969317, 0, 1, 0, -0.969317, 0, -0.245815, 38.3393, -0.135496, 27.2582)

[node name="Tree_087" parent="Tree" instance=ExtResource("3_ejgva")]
transform = Transform3D(0.275335, 0, -0.961348, 0, 1, 0, 0.961348, 0, 0.275335, 36.5526, -0.135494, 28.0183)

[node name="Tree_088" parent="Tree" instance=ExtResource("4_pai21")]
transform = Transform3D(0.588025, 0, 0.808843, 0, 1, 0, -0.808843, 0, 0.588025, 41.6286, -0.135496, 28.844)

[node name="Tree_089" parent="Tree" instance=ExtResource("2_nb3br")]
transform = Transform3D(0.588025, 0, 0.808843, 0, 1, 0, -0.808843, 0, 0.588025, 37.4028, -0.135496, 29.4843)

[node name="Tree_090" parent="Tree" instance=ExtResource("4_pai21")]
transform = Transform3D(0.588025, 0, 0.808843, 0, 1, 0, -0.808843, 0, 0.588025, 34.6371, -0.135494, 28.9221)

[node name="Tree_091" parent="Tree" instance=ExtResource("3_ejgva")]
transform = Transform3D(-0.248064, 0, 0.968744, 0, 1, 0, -0.968744, 0, -0.248064, 35.7318, -0.135494, 30.1765)

[node name="Tree_092" parent="Tree" instance=ExtResource("5_gblro")]
transform = Transform3D(0.588025, 0, 0.808843, 0, 1, 0, -0.808843, 0, 0.588025, 33.8769, -0.135498, 30.5452)

[node name="Tree_093" parent="Tree" instance=ExtResource("2_nb3br")]
transform = Transform3D(0.982626, 0, 0.185598, 0, 1, 0, -0.185598, 0, 0.982626, 38.966, -0.135492, 30.9409)

[node name="Tree_094" parent="Tree" instance=ExtResource("3_ejgva")]
transform = Transform3D(0.588025, 0, 0.808843, 0, 1, 0, -0.808843, 0, 0.588025, 37.2536, -0.135492, 32.2309)

[node name="Tree_095" parent="Tree" instance=ExtResource("5_gblro")]
transform = Transform3D(-0.885101, 0, 0.465398, 0, 1, 0, -0.465398, 0, -0.885101, 34.4534, -0.149069, 33.4153)

[node name="Tree_096" parent="Tree" instance=ExtResource("2_nb3br")]
transform = Transform3D(0.588025, 0, 0.808843, 0, 1, 0, -0.808843, 0, 0.588025, 31.6042, -0.135496, 33.3676)

[node name="Tree_097" parent="Tree" instance=ExtResource("4_pai21")]
transform = Transform3D(0.588025, 0, 0.808843, 0, 1, 0, -0.808843, 0, 0.588025, 37.5761, -0.135492, 30.7586)

[node name="Tree_098" parent="Tree" instance=ExtResource("2_nb3br")]
transform = Transform3D(0.588025, 0, 0.808843, 0, 1, 0, -0.808843, 0, 0.588025, 33.6698, -0.135494, 35.5276)

[node name="Tree_099" parent="Tree" instance=ExtResource("4_pai21")]
transform = Transform3D(0.588025, 0, 0.808843, 0, 1, 0, -0.808843, 0, 0.588025, 31.5089, -0.135494, 35.3773)

[node name="Tree_100" parent="Tree" instance=ExtResource("2_nb3br")]
transform = Transform3D(0.999999, 0, -0.00158824, 0, 1, 0, 0.00158824, 0, 0.999999, 29.4913, -0.135494, 35.4009)

[node name="Tree_101" parent="Tree" instance=ExtResource("4_pai21")]
transform = Transform3D(1, 0, 0, 0, 1, 0, 0, 0, 1, 33.8897, -0.135494, 19.2534)

[node name="Tree_102" parent="Tree" instance=ExtResource("2_nb3br")]
transform = Transform3D(-0.989331, 0, 0.145686, 0, 1, 0, -0.145686, 0, -0.989331, 3.13245, -0.0463027, 32.4341)

[node name="Tree_103" parent="Tree" instance=ExtResource("5_gblro")]
transform = Transform3D(-0.744661, 0, -0.667443, 0, 1, 0, 0.667443, 0, -0.744661, 1.72217, -0.0463047, 34.8509)

[node name="Tree_104" parent="Tree" instance=ExtResource("3_ejgva")]
transform = Transform3D(0.723907, 0, 0.689898, 0, 1, 0, -0.689898, 0, 0.723907, 3.22439, -0.0463027, 36.0811)

[node name="Tree_105" parent="Tree" instance=ExtResource("4_pai21")]
transform = Transform3D(-0.989331, 0, 0.145686, 0, 1, 0, -0.145686, 0, -0.989331, 6.60106, -0.0463047, 32.2013)

[node name="Tree_106" parent="Tree" instance=ExtResource("2_nb3br")]
transform = Transform3D(-0.989331, 0, 0.145686, 0, 1, 0, -0.145686, 0, -0.989331, 4.12874, -0.0463047, 34.6479)

[node name="Tree_107" parent="Tree" instance=ExtResource("4_pai21")]
transform = Transform3D(-0.989331, 0, 0.145686, 0, 1, 0, -0.145686, 0, -0.989331, 4.91377, -0.0463027, 37.3588)

[node name="Tree_108" parent="Tree" instance=ExtResource("3_ejgva")]
transform = Transform3D(-0.74311, 0, -0.669169, 0, 1, 0, 0.669169, 0, -0.74311, 5.51712, -0.0463027, 35.807)

[node name="Tree_109" parent="Tree" instance=ExtResource("5_gblro")]
transform = Transform3D(-0.989331, 0, 0.145686, 0, 1, 0, -0.145686, 0, -0.989331, 6.70424, -0.0463067, 37.2792)

[node name="Tree_110" parent="Tree" instance=ExtResource("2_nb3br")]
transform = Transform3D(-0.620272, 0, 0.784387, 0, 1, 0, -0.784387, 0, -0.620272, 4.6939, -0.0463007, 32.5873)

[node name="Tree_111" parent="Tree" instance=ExtResource("3_ejgva")]
transform = Transform3D(-0.989331, 0, 0.145686, 0, 1, 0, -0.145686, 0, -0.989331, 6.63105, -0.0463007, 33.5058)

[node name="Tree_112" parent="Tree" instance=ExtResource("5_gblro")]
transform = Transform3D(-0.00167567, 0, -0.999999, 0, 1, 0, 0.999999, 0, -0.00167567, 8.97934, -0.0598777, 35.437)

[node name="Tree_113" parent="Tree" instance=ExtResource("2_nb3br")]
transform = Transform3D(-0.989331, 0, 0.145686, 0, 1, 0, -0.145686, 0, -0.989331, 10.4046, -0.0463047, 36.9939)

[node name="Tree_114" parent="Tree" instance=ExtResource("4_pai21")]
transform = Transform3D(-0.989331, 0, 0.145686, 0, 1, 0, -0.145686, 0, -0.989331, 5.17717, -0.0463007, 33.9031)

[node name="Tree_115" parent="Tree" instance=ExtResource("2_nb3br")]
transform = Transform3D(-0.620833, 0, -0.783943, 0, 1, 0, 0.783943, 0, -0.620833, 10.3705, -0.0463027, 34.0162)

[node name="Tree_116" parent="Tree" instance=ExtResource("4_pai21")]
transform = Transform3D(-0.989331, 0, 0.145686, 0, 1, 0, -0.145686, 0, -0.989331, 12.0835, -0.0463027, 37.1353)

[node name="Tree_117" parent="Tree" instance=ExtResource("2_nb3br")]
transform = Transform3D(0.29989, 0, 0.953973, 0, 1, 0, -0.953973, 0, 0.29989, 12.5395, -0.0463027, 35.7893)

[node name="Tree_118" parent="Tree" instance=ExtResource("4_pai21")]
transform = Transform3D(1, 0, 0, 0, 1, 0, 0, 0, 1, -7.53603, -0.165039, 33.2027)

[node name="Tree_119" parent="Tree" instance=ExtResource("3_ejgva")]
transform = Transform3D(1, 0, 0, 0, 1, 0, 0, 0, 1, -7.41217, -0.16504, 31.7994)

[node name="Tree_120" parent="Tree" instance=ExtResource("5_gblro")]
transform = Transform3D(1, 0, 0, 0, 1, 0, 0, 0, 1, -8.4521, -0.155907, 33.9511)

[node name="Tree_121" parent="Tree" instance=ExtResource("2_nb3br")]
transform = Transform3D(-0.877414, 0, 0.479734, 0, 1, 0, -0.479734, 0, -0.877414, -8.74021, -0.16504, 32.7374)

[node name="Tree_122" parent="Tree" instance=ExtResource("4_pai21")]
transform = Transform3D(1, 0, 0, 0, 1, 0, 0, 0, 1, -9.03335, -0.16504, 30.8146)

[node name="Tree_126" parent="Tree" instance=ExtResource("5_gblro")]
transform = Transform3D(-0.0510462, 0, -0.998696, 0, 1, 0, 0.998696, 0, -0.0510462, -13.0919, 1.3066, -12.2018)

[node name="Tree_127" parent="Tree" instance=ExtResource("3_ejgva")]
transform = Transform3D(1, 0, 0, 0, 1, 0, 0, 0, 1, -32.2009, 1.35003, -17.54)

[node name="Tree_128" parent="Tree" instance=ExtResource("4_pai21")]
transform = Transform3D(1, 0, 0, 0, 1, 0, 0, 0, 1, -15.0851, 1.35003, -14.8732)

[node name="Tree_129" parent="Tree" instance=ExtResource("4_pai21")]
transform = Transform3D(1, 0, 0, 0, 1, 0, 0, 0, 1, -15.0851, 1.69026, -13.2549)

[node name="Tree_130" parent="Tree" instance=ExtResource("3_ejgva")]
transform = Transform3D(0.644924, 0, -0.764246, 0, 1, 0, 0.764246, 0, 0.644924, -31.2351, 1.35002, -27.5282)

[node name="Tree_131" parent="Tree" instance=ExtResource("4_pai21")]
transform = Transform3D(1, 0, 0, 0, 1, 0, 0, 0, 1, -35.539, 0.979024, -31.2425)

[node name="Tree_132" parent="Tree" instance=ExtResource("4_pai21")]
transform = Transform3D(1, 0, 0, 0, 1, 0, 0, 0, 1, -34.3143, 1.35003, -19.0636)

[node name="Tree_133" parent="Tree" instance=ExtResource("5_gblro")]
transform = Transform3D(-0.0510462, 0, -0.998696, 0, 1, 0, 0.998696, 0, -0.0510462, -22.0474, 1.3066, -15.3137)

[node name="Tree_134" parent="Tree" instance=ExtResource("4_pai21")]
transform = Transform3D(1, 0, 0, 0, 1, 0, 0, 0, 1, -22.0297, 1.35003, -18.7285)

[node name="Tree_135" parent="Tree" instance=ExtResource("4_pai21")]
transform = Transform3D(1, 0, 0, 0, 1, 0, 0, 0, 1, -19.9921, 1.35003, -14.8488)

[node name="Tree_136" parent="Tree" instance=ExtResource("4_pai21")]
transform = Transform3D(1, 0, 0, 0, 1, 0, 0, 0, 1, -23.9526, 1.35003, -17.13)

[node name="Tree_137" parent="Tree" instance=ExtResource("4_pai21")]
transform = Transform3D(1, 0, 0, 0, 1, 0, 0, 0, 1, -29.6319, 1.35003, -17.9804)

[node name="Tree_138" parent="Tree" instance=ExtResource("4_pai21")]
transform = Transform3D(1, 0, 0, 0, 1, 0, 0, 0, 1, -20.8984, 1.35003, -15.6263)

[node name="Tree_139" parent="Tree" instance=ExtResource("5_gblro")]
transform = Transform3D(-0.0510462, 0, -0.998696, 0, 1, 0, 0.998696, 0, -0.0510462, -11.5496, 1.3066, -30.1582)

[node name="Tree_140" parent="Tree" instance=ExtResource("4_pai21")]
transform = Transform3D(1, 0, 0, 0, 1, 0, 0, 0, 1, -25.6261, 1.35003, -16.5065)

[node name="Tree_141" parent="Tree" instance=ExtResource("4_pai21")]
transform = Transform3D(-0.280784, 0, 0.959771, 0, 1, 0, -0.959771, 0, -0.280784, -15.0851, 1.35003, -17.4524)

[node name="Tree_142" parent="Tree" instance=ExtResource("2_nb3br")]
transform = Transform3D(1, 0, 0, 0, 1, 0, 0, 0, 1, -14.1231, 1.35003, -18.9438)

[node name="Tree_143" parent="Tree" instance=ExtResource("2_nb3br")]
transform = Transform3D(0.379924, 0, 0.925018, 0, 1, 0, -0.925018, 0, 0.379924, -15.4323, 1.35003, -20.0278)

[node name="Tree_144" parent="Tree" instance=ExtResource("3_ejgva")]
transform = Transform3D(1, 0, 0, 0, 1, 0, 0, 0, 1, -13.2821, 1.35003, -23.0063)

[node name="Tree_145" parent="Tree" instance=ExtResource("4_pai21")]
transform = Transform3D(1, 0, 0, 0, 1, 0, 0, 0, 1, -14.6247, 1.35003, -21.4088)

[node name="Tree_146" parent="Tree" instance=ExtResource("2_nb3br")]
transform = Transform3D(1, 0, 0, 0, 1, 0, 0, 0, 1, -20.4655, 1.35002, -21.3392)

[node name="Tree_147" parent="Tree" instance=ExtResource("5_gblro")]
transform = Transform3D(1, 0, 0, 0, 1, 0, 0, 0, 1, -31.9418, 1.35002, -29.1815)

[node name="Tree_148" parent="Tree" instance=ExtResource("5_gblro")]
transform = Transform3D(1, 0, 0, 0, 1, 0, 0, 0, 1, -31.5162, 1.35002, -17.5904)

[node name="Tree_149" parent="Tree" instance=ExtResource("5_gblro")]
transform = Transform3D(1, 0, 0, 0, 1, 0, 0, 0, 1, -26.4481, 1.35003, -15.7003)

[node name="Tree_150" parent="Tree" instance=ExtResource("5_gblro")]
transform = Transform3D(1, 0, 0, 0, 1, 0, 0, 0, 1, -24.3934, 1.35002, -15.5332)

[node name="Tree_151" parent="Tree" instance=ExtResource("3_ejgva")]
transform = Transform3D(1, 0, 0, 0, 1, 0, 0, 0, 1, -30.5861, 1.35002, -30.1146)

[node name="Tree_152" parent="Tree" instance=ExtResource("5_gblro")]
transform = Transform3D(0.137012, 0, 0.990569, 0, 1, 0, -0.990569, 0, 0.137012, -27.3966, 1.35002, -34.3549)

[node name="Tree_153" parent="Tree" instance=ExtResource("3_ejgva")]
transform = Transform3D(0.137012, 0, 0.990569, 0, 1, 0, -0.990569, 0, 0.137012, -28.3852, 1.35002, -36.7133)

[node name="Tree_154" parent="Tree" instance=ExtResource("4_pai21")]
transform = Transform3D(1, 0, 0, 0, 1, 0, 0, 0, 1, -21.2921, 1.35002, -22.9064)

[node name="Tree_155" parent="Tree" instance=ExtResource("2_nb3br")]
transform = Transform3D(1, 0, 0, 0, 1, 0, 0, 0, 1, -31.3294, 1.35002, -18.179)

[node name="Tree_156" parent="Tree" instance=ExtResource("4_pai21")]
transform = Transform3D(1, 0, 0, 0, 1, 0, 0, 0, 1, -32.1561, 1.35002, -19.7462)

[node name="Tree_157" parent="Tree" instance=ExtResource("2_nb3br")]
transform = Transform3D(1, 0, 0, 0, 1, 0, 0, 0, 1, -20.074, 1.35003, -22.5867)

[node name="Tree_158" parent="Tree" instance=ExtResource("4_pai21")]
transform = Transform3D(0.577587, 0, -0.816329, 0, 1, 0, 0.816329, 0, 0.577587, -20.7995, 1.35003, -29.2244)

[node name="Tree_159" parent="Tree" instance=ExtResource("3_ejgva")]
transform = Transform3D(0.83178, 0, -0.555106, 0, 1, 0, 0.555106, 0, 0.83178, -22.6217, 1.35003, -28.6456)

[node name="Tree_160" parent="Tree" instance=ExtResource("5_gblro")]
transform = Transform3D(0.756892, 0, 0.65354, 0, 1, 0, -0.65354, 0, 0.756892, -23.4448, 1.35003, -27.3363)

[node name="Tree_161" parent="Tree" instance=ExtResource("3_ejgva")]
transform = Transform3D(1, 0, 0, 0, 1, 0, 0, 0, 1, -29.8644, 1.35002, -29.5713)

[node name="Tree_162" parent="Tree" instance=ExtResource("5_gblro")]
transform = Transform3D(-0.876752, 0, 0.480943, 0, 1, 0, -0.480943, 0, -0.876752, -29.3126, 1.35003, -28.4343)

[node name="Tree_163" parent="Tree" instance=ExtResource("2_nb3br")]
transform = Transform3D(0.75018, 0, 0.661233, 0, 1, 0, -0.661233, 0, 0.75018, -21.5002, 1.35003, -27.9276)

[node name="Tree_164" parent="Tree" instance=ExtResource("3_ejgva")]
transform = Transform3D(1, 0, 0, 0, 1, 0, 0, 0, 1, -24.0589, 1.35003, -29.2457)

[node name="Tree_165" parent="Tree" instance=ExtResource("3_ejgva")]
transform = Transform3D(-0.599596, 0, -0.800303, 0, 1, 0, 0.800303, 0, -0.599596, -30.1388, 1.35003, -28.4019)

[node name="Tree_166" parent="Tree" instance=ExtResource("3_ejgva")]
transform = Transform3D(1, 0, 0, 0, 1, 0, 0, 0, 1, -29.1518, 1.35003, -34.6612)

[node name="Tree_167" parent="Tree" instance=ExtResource("3_ejgva")]
transform = Transform3D(1, 0, 0, 0, 1, 0, 0, 0, 1, -34.1889, 1.35003, -37.8775)

[node name="Tree_168" parent="Tree" instance=ExtResource("3_ejgva")]
transform = Transform3D(1, 0, 0, 0, 1, 0, 0, 0, 1, -34.4485, 1.35003, -34.887)

[node name="Tree_169" parent="Tree" instance=ExtResource("4_pai21")]
transform = Transform3D(1, 0, 0, 0, 1, 0, 0, 0, 1, -22.0648, 1.35003, -29.6543)

[node name="Tree_170" parent="Tree" instance=ExtResource("5_gblro")]
transform = Transform3D(1, 0, 0, 0, 1, 0, 0, 0, 1, -23.0951, 1.35003, -30.4591)

[node name="Tree_171" parent="Tree" instance=ExtResource("2_nb3br")]
transform = Transform3D(1, 0, 0, 0, 1, 0, 0, 0, 1, -15.0746, 1.35003, -31.4714)

[node name="Tree_172" parent="Tree" instance=ExtResource("3_ejgva")]
transform = Transform3D(1, 0, 0, 0, 1, 0, 0, 0, 1, -15.0737, 1.35003, -32.6396)

[node name="Tree_173" parent="Tree" instance=ExtResource("4_pai21")]
transform = Transform3D(0.446323, 0, -0.894872, 0, 1, 0, 0.894872, 0, 0.446323, -15.2727, 1.35003, -30.1104)

[node name="Tree_174" parent="Tree" instance=ExtResource("2_nb3br")]
transform = Transform3D(-0.929055, 0, 0.369941, 0, 1, 0, -0.369941, 0, -0.929055, -15.6869, 1.35002, -30.408)

[node name="Tree_175" parent="Tree" instance=ExtResource("4_pai21")]
transform = Transform3D(0.446323, 0, -0.894872, 0, 1, 0, 0.894872, 0, 0.446323, -15.0475, 1.35003, -26.3088)

[node name="Tree_176" parent="Tree" instance=ExtResource("2_nb3br")]
transform = Transform3D(-0.53295, 0, 0.846147, 0, 1, 0, -0.846147, 0, -0.53295, -22.1996, 1.35003, -30.9589)

[node name="Tree_177" parent="Tree" instance=ExtResource("2_nb3br")]
transform = Transform3D(-0.929055, 0, 0.369941, 0, 1, 0, -0.369941, 0, -0.929055, -21.8748, 1.35003, -38.3128)

[node name="Tree_178" parent="Tree" instance=ExtResource("4_pai21")]
transform = Transform3D(1, 0, 0, 0, 1, 0, 0, 0, 1, -34.1391, 1.35003, -42.6765)

[node name="Tree_179" parent="Tree" instance=ExtResource("3_ejgva")]
transform = Transform3D(1, 0, 0, 0, 1, 0, 0, 0, 1, -34.6741, 1.35003, -43.9587)

[node name="Tree_180" parent="Tree" instance=ExtResource("2_nb3br")]
transform = Transform3D(1, 0, 0, 0, 1, 0, 0, 0, 1, -30.9214, 1.35003, -43.0299)

[node name="Tree_181" parent="Tree" instance=ExtResource("2_nb3br")]
transform = Transform3D(1, 0, 0, 0, 1, 0, 0, 0, 1, -34.861, 1.35003, -36.1476)

[node name="Tree_182" parent="Tree" instance=ExtResource("2_nb3br")]
transform = Transform3D(1, 0, 0, 0, 1, 0, 0, 0, 1, -27.8524, 1.35003, -35.3827)

[node name="Tree_183" parent="Tree" instance=ExtResource("5_gblro")]
transform = Transform3D(1, 0, 0, 0, 1, 0, 0, 0, 1, -17.2729, 1.35002, -36.0717)

[node name="Tree_184" parent="Tree" instance=ExtResource("2_nb3br")]
transform = Transform3D(1, 0, 0, 0, 1, 0, 0, 0, 1, -19.4532, 1.35002, -39.7161)

[node name="Tree_185" parent="Tree" instance=ExtResource("3_ejgva")]
transform = Transform3D(0.592744, 0, -0.805391, 0, 1, 0, 0.805391, 0, 0.592744, -15.8124, 1.35003, -37.9731)

[node name="Tree_186" parent="Tree" instance=ExtResource("4_pai21")]
transform = Transform3D(0.386309, 0, 0.92237, 0, 1, 0, -0.92237, 0, 0.386309, -16.1813, 1.37522, -40.6081)

[node name="Tree_187" parent="Tree" instance=ExtResource("2_nb3br")]
transform = Transform3D(0.356803, 0, -0.93418, 0, 1, 0, 0.93418, 0, 0.356803, -14.0955, 1.35002, -39.014)

[node name="Tree_188" parent="Tree" instance=ExtResource("5_gblro")]
transform = Transform3D(-0.967139, 0, 0.254247, 0, 1, 0, -0.254247, 0, -0.967139, -14.8317, 1.35003, -40.3749)

[node name="Tree_189" parent="Tree" instance=ExtResource("2_nb3br")]
transform = Transform3D(1, 0, 0, 0, 1, 0, 0, 0, 1, -17.7503, 1.35003, -39.9128)

[node name="Tree_190" parent="Tree" instance=ExtResource("4_pai21")]
transform = Transform3D(1, 0, 0, 0, 1, 0, 0, 0, 1, -12.9815, 1.35003, -40.5101)

[node name="Tree_191" parent="Tree" instance=ExtResource("3_ejgva")]
transform = Transform3D(1, 0, 0, 0, 1, 0, 0, 0, 1, -13.4344, 1.35003, -41.6458)

[node name="Tree_192" parent="Tree" instance=ExtResource("2_nb3br")]
transform = Transform3D(1, 0, 0, 0, 1, 0, 0, 0, 1, -12.9166, 1.35003, -38.2586)

[node name="Tree_193" parent="Tree" instance=ExtResource("4_pai21")]
transform = Transform3D(0.291988, 0, -0.956422, 0, 1, 0, 0.956422, 0, 0.291988, -14.7534, 1.35003, -37.26)

[node name="Tree_194" parent="Tree" instance=ExtResource("2_nb3br")]
transform = Transform3D(-0.896541, 0, 0.442962, 0, 1, 0, -0.442962, 0, -0.896541, -21.5712, 1.35002, -40.3982)

[node name="Tree_195" parent="Tree" instance=ExtResource("5_gblro")]
transform = Transform3D(1, 0, 0, 0, 1, 0, 0, 0, 1, -19.1864, 1.35002, -41.0006)

[node name="Tree_196" parent="Tree" instance=ExtResource("3_ejgva")]
transform = Transform3D(1, 0, 0, 0, 1, 0, 0, 0, 1, -20.7468, 1.35003, -41.0552)

[node name="Tree_197" parent="Tree" instance=ExtResource("4_pai21")]
transform = Transform3D(0.412675, 0, -0.910878, 0, 1, 0, 0.910878, 0, 0.412675, -21.8193, 1.35003, -38.2172)

[node name="Tree_198" parent="Tree" instance=ExtResource("4_pai21")]
transform = Transform3D(-0.982473, 0, -0.186404, 0, 1, 0, 0.186404, 0, -0.982473, -17.9353, 1.35003, -38.7661)

[node name="Tree_199" parent="Tree" instance=ExtResource("5_gblro")]
transform = Transform3D(1, 0, 0, 0, 1, 0, 0, 0, 1, -17.1538, 1.35003, -41.8615)

[node name="Tree_200" parent="Tree" instance=ExtResource("2_nb3br")]
transform = Transform3D(1, 0, 0, 0, 1, 0, 0, 0, 1, -18.2533, 1.35003, -42.3282)

[node name="Tree_201" parent="Tree" instance=ExtResource("5_gblro")]
transform = Transform3D(1, 0, 0, 0, 1, 0, 0, 0, 1, -15.0019, 1.35003, -42.5946)

[node name="Tree_202" parent="Tree" instance=ExtResource("4_pai21")]
transform = Transform3D(1, 0, 0, 0, 1, 0, 0, 0, 1, -13.9295, 1.35003, -37.464)

[node name="Tree_203" parent="Tree" instance=ExtResource("2_nb3br")]
transform = Transform3D(1, 0, 0, 0, 1, 0, 0, 0, 1, -16.6993, 1.35003, -36.8466)

[node name="Tree_204" parent="Tree" instance=ExtResource("3_ejgva")]
transform = Transform3D(1, 0, 0, 0, 1, 0, 0, 0, 1, -19.6412, 1.35003, -42.1487)

